1,5,4,2,1
2,8,9,10,7
3,15,14,11,13
4,20,16,19,17,21
5,25,26,24,22,23
6,34,28,31,33
7,40,35,42,43,26
8,50,49,54,56,51
9,57,62,63
9,62,63,58,61,59
10,67,66,64
10,66,64,71,65,72
11,84,73,82
11,73,82,81
11,82,81,75,74,83
12,85,86
13,101,103,95,96
14,23,116,115
14,116,115,113
14,115,113,114
14,113,114,108,118,112
15,121,125,129,123
16,136,131,135
16,131,135,137,138,132
17,140,120,142,141
18,156,151,149,150
19,158,161,160,159
20,169,162
21,136,173,171
21,173,171,170,111,79
22,179,185,176,182,174
23,189,187,190,193,186
24,203,198,195,196
25,207,204,205,104
26,209,210,211,212,26
27,218,215,216
27,215,216,214,219,217
28,223,222,220,221
29,226,225,227
29,225,227,11,224,228
30,234,231,236
30,231,236,233,235,230
31,237,240,242
31,240,242,239,235,241
32,243,245,246,244,248
33,106,252,253
33,252,253,250
33,253,250,249
33,250,249,120,254,140
34,258,261,32
34,261,32,260,257,259
35,269,268
36,273,274,270,272
37,276,278,277,280,275
38,284,285,282,281,260
39,290,289,291,286
40,296,294,299
40,294,299,295,239,297
41,304,303,301,302
42,310,305,309,308,306
43,311,320,317,314
44,311,323,321,324
45,326,90,325,297
46,333,58,330
46,58,330,329,332,331
47,337,334,342
47,334,342,341
47,342,341,335,338,339
48,102,347,93
49,362,360,359
49,360,359,358,352,361
50,366,365
51,373,372,370
52,387,388,318
52,388,318,386
52,318,386,381,377,384
53,391,389,397
54,320,400,402,399
55,404,403,132
55,403,132,106,62,351
56,404,405,201,406
57,408,413,407,410
58,163,418,416
59,427,425,29
60,234,118
61,437,390,436
61,390,436,397
61,436,397,434,433,432
62,440,443,444,441
63,448,447,446,450
64,336,36,451,428
65,453,454,456,455,163
66,460,9,459,18,458
67,467,465,464
68,471,381,473,470
69,438,457,477
69,457,477,474,475,476
70,481,482,320
70,482,320,479,480,483
71,485,487,488,484
72,494,489,491
73,150,497,452,496
74,245,23,48,498
75,508,502
76,510,513,514,515,511
77,522,523,94
77,523,94,520
77,94,520,234,517,518
78,525,17,526,201
79,528,20,529,148
80,148,531,535,533
81,522,540,537,539,538
82,542,543,541,526
83,544,545,548,546,549
84,557,395,565
84,395,565,167,558,561
85,568,569,372,571
86,572,74,62
86,74,62,4,574,287
87,581,578,576,422
88,584,120,583
88,120,583,582,104,585
89,588,587,299,586
90,591,592,589,590
91,120,595,210,596
92,544,605,607
93,293,212,283,611
94,605,422,615,130
95,620,532,221
95,532,221,621,623,624
96,631,626,628,629
97,470,128,120
97,128,120,634
97,120,634,143
97,634,143,625,636,424
98,644,640,646,645
99,649,602,650,648
100,652,122
101,238,58,104
101,58,104,658
101,104,658,572,660,663
102,666,665,219,664
103,668,672,673
104,323,479,523,75
105,677,278
106,593,93,32
106,93,32,684
106,32,684,651
106,684,651,257,524,687
107,697,693,10
107,693,10,695
107,10,695,691,692,699
108,704,702,701,130,703
109,705,132,706,707
110,708,710,246,711
111,362,714,712,336,75
112,716,151,428,715
113,296,719,718
113,719,718,336,720,721
114,724,224,725,451,727
115,729,677,731,730
116,163,244,733
116,244,733,732,734,642
117,26,368,391
117,368,391,737
117,391,737,741
117,737,741,438
117,741,438,739
117,438,739,409,576,736
118,711,420,747,745
119,749,750,612,409
120,755,120,756
120,120,756,59
120,756,59,754,75,753
121,759,758,587,462,382
122,760,598,761,726,762
123,448,10,164,420
124,766,590,224,764
125,772,771,769,593,773
126,777,776,775,671,277
127,779,778,782,538
128,373,784,66,783,163
129,270,157,787
130,789,331,330,790
131,72,797,792,189
132,798,799,800,163
133,141,20
134,803,106,263,802
135,320,805,804
136,808,807
137,191,55,809,810
138,819,821,820,822
139,828,827,824,829,825
140,50,835,834,830
141,333,61,839
141,61,839,841,845,838
142,849,846,848,244
143,132,737,207
143,737,207,853
143,207,853,579,852,79
144,530,856,855
144,856,855,857,854,860
145,58,867,866
145,867,866,177,187,865
146,875,872
147,876,877,879
147,877,879,878,850,725
148,880,373,882,881
149,890,886
150,900,902,93
150,902,93,899
150,93,899,895,894,891
151,125,277,904,663
152,905,908,23,907
153,915,913
154,920,522
155,921,244
156,924,489
157,931,933,930
158,936,934,232,288
159,941,938,939,940
160,679,314,945,280,315
161,940,951,950,949,947
162,650,98,953
163,248,960
164,532,637,673
165,963,962,725,164,964
166,770,968,688
166,968,688,966
166,688,966,128,126,62
167,171,217,644,971
168,974,979,977
169,982,379,980,424
170,537,986,987
170,986,987,496,497,150
171,993,991,989,990
172,998,996,185,999
173,1006,438,579,1003,1000
174,245,1007,244,360,296
175,1009,1011,1010,1012
176,58,900
177,210,1016,496,1017,150
178,1019,406,1020,40
179,1021,661,1023
180,1024,1027,244
181,462,845,1028,277,1029
182,1031,484,36,1033,1032
183,1034,1042,26
183,1042,26,73
183,26,73,659
183,73,659,1037,1041,541
184,358,1044
185,1045,58
186,409,1049,885
186,1049,885,1053
186,885,1053,1052
186,1053,1052,1051
186,1052,1051,6
186,1051,6,551,1048,7
187,1056,159,1055
187,159,1055,944,28,1057
188,1058,1059,1060,113,1061
189,244,1055,823,723
190,696,1065,1063,1064
191,163,1066,581,219,132
192,1068,1067,201
192,1067,201,1069,632,857
193,9,460,18,458
194,1074,126,1073,1075
195,670,1078,912,1076,136
196,58,1081,96,509
197,1008,1087
198,625,320,1092,601,1093
199,177,34,68,1096,189
200,1100,1098,1099,1097
201,1102,572
202,29,605,409
202,605,409,1108,1109,1106
203,438,1112,541
203,1112,541,66,1110,1111
204,1008,244,330,1113
205,1033,420,1100,1116
206,61,1119,1117
207,721,1123,1121,1122,120
208,644,853
209,541,132,1126,751
210,1130,142,1129
211,120,1134,1133,599
212,1138,696,458,541
213,283,1141,152
214,477,1143,1144
214,1143,1144,975,10,214
215,1149,379,104,190,1145
216,152,1152,132
216,1152,132,391,581,1150
217,445,1154,1156,1153
218,762,379,1159
219,201,876
220,1167,858,1168
220,858,1168,32,1166,1169
221,1170,1171,164
222,309,1175,1132,599
223,565,395,566
224,240,201,244,1177
225,1181,1182,156
225,1182,156,1110,576,1179
226,66,1082,1183,628,1033
227,1187,835,102,1186
228,1188,188,247
229,151,1064,1016,1190,890
230,1149,779,58,673
231,1193,1195,996,1194,1192
232,1197,462,317
232,462,317,1198,335,1196
233,320,1086,17
234,1204,410,617
234,410,617,431
234,617,431,1203,409,64
235,1207,1208,1205,766,305
236,1098,1214,1210
236,1214,1210,1213,886,1212
237,314,679,717,1215,57
238,780,321,1216
238,321,1216,1219,401,1218
239,106,1220,1223,794,897
240,1226,671,428,762
241,61,1231,1232
242,325,390,438,132
243,220,239,1234,196,429
244,485,63,1237,484,1236
245,77,1239,1066,1004,245
246,195,570,1247,438
247,22,1251,1253
247,1251,1253,1249,1250,1252
248,1256,1257,1254
248,1257,1254,1255,1258,132
249,695,1259,612,579,1260
250,236,1263,235,1264,514
251,304,1267,1266,491
252,70,178,177
253,875,482,1273,1271,106
254,1277,1274,1231,1276,464
255,320,1283,1278
256,1286,379,1285,1284
257,1288,873,874,1287
258,754,1290
259,277,250,779,336,1293
260,403,1301,552,1297,1296
261,856,120,1305,1291,583
262,1310,59,929,745,1311
263,478,385,944,731,1312
264,235,904,667,1314
265,1169,347,26
265,347,26,1319
265,26,1319,98,1317,344
266,379,920,980
267,163,581,1001
267,581,1001,88
267,1001,88,737
267,88,737,167,1246,1324
268,1325,237,1326,462,278
269,32,1328,1334
270,1335,237,1336
270,237,1336,845,781,211
271,245,1338,372
271,1338,372,172
271,372,172,214,1337,887
272,1342,243,1032
273,67,1349,1348,1105
274,1354,1007
275,470,1355
276,996,1356
277,874,1359,1358,679
278,156,1360,36,335,1361
279,1366,1363,1365,1241
280,474,579,1368,694
281,508,997,336
281,997,336,1370,201,1369
282,1190
283,1371,428
284,240,278,160,314
285,1379,670,59
286,635,1381,145
287,1382,821,1341
287,821,1341,143,1383,102
288,244,28,1385,1384
289,1386,201,223
289,201,223,320,1387,470
290,1388,23,1161,369
291,1395,1389,1391,174
292,1398,1396,644,1397,1399
293,277,462,472
293,462,472,1408,471,1404
294,1410,1409
295,1411,625
296,1413,1417,1254,715,1416
297,674,1419,1421
297,1419,1421,1420,118,1422
298,1425,1107
299,86,867,1429
300,358,1432,106,1113,357
301,899,1435,498,346
302,1437,320
303,869,120,1439,43,1438
304,1443,1442,1445
304,1442,1445,1446,1441,1444
305,1291,240
306,152,1449,153
306,1449,153,1450,962,201
307,201,1453,589,541,1452
308,918,1272,708,1454
309,944,934,1457
310,1464,89,1460,1012
311,1469,471,1406,1470,1471
312,1477,1473,580
312,1473,580,1476,541,995
313,104,1480,187,131
314,407,66,1481
314,66,1481,389,952,748
315,301,950
316,576,551,39
316,551,39,577
316,39,577,954
316,577,954,409
316,954,409,736
316,409,736,422
316,736,422,1482,1483,1484
317,43,59,1032,23
318,191,1485,995
318,1485,995,1486,1488,742
319,1489,13,1490,14
320,485,63,486,925,1491
321,621,1007,1494,1496,1495
322,1498,201,420
323,1358,1505,1502,191,201
324,1507,589,270
324,589,270,111
324,270,111,1508
324,111,1508,1511
324,1508,1511,230
324,1511,230,579
324,230,579,390
324,579,390,1049,331,1512
325,1515,1513,1516,1293,1514
326,1519,1520,1410,1518,399
327,1522,1525,55
327,1525,55,793
327,55,793,924
327,793,924,188
327,924,188,187,1526,1521
328,1527,82,1105,1529,292
329,33,1530,1532
329,1530,1532,431,389,988
330,383,377,1539
330,377,1539,1540
330,1539,1540,1537,942,1538
331,335,1545,1544,964
332,1550,1547,1548,1229
333,1551,1552,848
334,1556,1555,1484
334,1555,1484,1320,1554,1508
335,1161,109,605,86
336,44,1562,1561,769
337,1563,1401,277
337,1401,277,672,1538,1564
338,120,1187,812
338,1187,812,1305
338,812,1305,250,1418,637
339,244,892,721,1082,1529
340,1574,270,135,574
341,1068,1575,1232,1576
342,1578,922,667
343,244,752,1579
343,752,1579,1339,1581,349
344,1105,1582,1585
344,1582,1585,1388
344,1585,1388,1012
344,1388,1012,1487
344,1012,1487,163,201,118
345,189,596,1592
345,596,1592,1588,26,797
346,293,235,1523
346,235,1523,1595,1597,1114
347,1598,51,54,1599,347
348,1602,1284,1563
348,1284,1563,1539,625,379
349,137,1002,1001,1605,1323
350,1356,335,926
350,335,926,1084
350,926,1084,1610,973,1608
351,1612,1615,1368
351,1615,1368,1611,570,1613
352,1619,1617,244
353,440,1622,1127,941,1624
354,1626,1627,1625,191,711
355,32,260,142
355,260,142,498
355,142,498,593,1628,126
356,1633,1634,1135
356,1634,1135,851
356,1135,851,149,1613,1631
357,1011,1636,1470,1635,201
358,1637,1638
359,1401,1642,1398,274
360,1537,1643
361,532,102,141
362,1647,251,1648,794
363,1653,523,83,1652
364,1087,1655,1654,638,1349
365,1656,1657,1085,74
366,1062,1064,156,1658
367,201,635,365,321,336
368,132,851,1242
368,851,1242,42,1001,335
369,163,219,1661
369,219,1661,1446,391,1660
370,1330,1531,775,1664,1082
371,1616,66,249,617
372,1199,1670,1669
373,587,1671,462
374,301,1366,1105
374,1366,1105,1597,914,984
375,737,368,132,1673,692
376,113,163,581
376,163,581,325,1675,1004
377,1578,1131,609,1129,1677
378,1401,1682,1680
379,136,1684,1685
379,1684,1685,91,1686,418
380,993,1691,579
381,314,361,478
381,361,478,1541,406,1020
382,1694,911,1541,1693
383,1079,1695,841,46,339
384,823,464,1698
384,464,1698,1699,1697,1700
385,1704,731,1292
385,731,1292,1026,126,1027
386,1706,188,1565
386,188,1565,1561
386,1565,1561,471,189,570
387,1008,928,1710
388,1711,37,498
388,37,498,1565,1252,1713
389,1644,638,346
389,638,346,533
389,346,533,1719,1668,1346
390,163,1059,23
391,148,141,1724,1165
392,173,136,1258,195
393,1520,313,598,1300
394,1726,944,1727,1725
395,737,1729
396,252,32,1731,1598
397,841,1085,58,1518,73
398,1734,1523,403,1116,1467
399,1740,1738,1739,1607
400,842,717,1012
401,32,593,1743
401,593,1743,1389
401,1743,1389,1745
401,1389,1745,896
401,1745,896,260,1329,683
402,1748,1751,1095
402,1751,1095,1752,317,335
403,1753,478,1540,335
404,1703,1758,1760
405,1763,1767,1655
405,1767,1655,625,1766,1762
406,106,1771,498
406,1771,498,1770
406,498,1770,1768
406,1770,1768,187
406,1768,187,176
406,187,176,107,174,32
407,1732,1774,1776,1102,1773
408,1780,1078,1777,27,1778
409,1189,1570,1783
409,1570,1783,454,661,290
410,700,1338,1449,154
411,1787,1786,1785,1115,1471
412,136,173,219,1789,1788
413,1790,448,979,1791
414,1792,532,283,147
415,383,983,1285,315,672
416,1794,644,645,295
417,151,15
418,1671,278,874
419,301,1801,1431,244
420,1804,752
421,145,1807,428,369,1806
422,1406,221,815,1396
423,1602,1286,383
423,1286,383,381,375,11
424,120,1811,354
425,1004,1002,455
426,142,198,970
427,1421,1818,104
427,1818,104,775,250,700
428,1615,220,1819,250
429,429,1822,1584,1821
430,1826,1824,747,401
431,66,445,87
432,239,1762
433,120,300,49
433,300,49,141,625,1668
434,244,1831,201
435,62,1514,154,1152
436,1834,442,323
436,442,323,36,1291,1679
437,391,737,1835
437,737,1835,325
437,1835,325,91
437,325,91,420,884,888
438,1597,1838,336,1837
439,314,1033
440,1001,738,1841,1242
441,42,195
442,1844,1486,167
442,1486,167,372,1846,1845
443,136,135,1834
443,135,1834,173,1258,1847
444,851,396,1850
444,396,1850,1116,1848,1849
445,1851,132,737
445,132,737,1689
445,737,1689,952
445,1689,952,1605
445,952,1605,1854
445,1605,1854,1244,1856,1857
446,1859,403,46,288
447,870,1862
448,59,754,1863,255,256
449,391,1204
450,974,1864,163,1500
451,82,1866
452,1870,1169,102
452,1169,102,1868,1871,1869
453,428,1497,214
453,1497,214,1876
453,214,1876,1873,1875,739
454,6,1367,1884
455,1888,1885,1887,1886
456,1889,1435,1777
457,335,1895,1470
457,1895,1470,1894,259,1892
458,541,7,1898
458,7,1898,1897,1896,445
459,1900,1775,187,956
460,1757,1901,223
460,1901,223,1722,465,1902
461,346,1345,1568
461,1345,1568,1348,1902,1718
462,1288,1386,1905
462,1386,1905,1704,875,1273
463,1908,1757,1282
463,1757,1282,1909,1302,225
464,523,1703,1911
464,1703,1911,532
464,1911,532,1381,671,1912
465,366,725,967,878,1497
466,1839,1625,1523,58,1697
467,275,1068,1915,368,59
468,874,1916
469,1917,85,1744
469,85,1744,1254,113,737
470,1291,523,1377
471,1474,1919,1856
472,1360,1640,847,1550
473,672,925,549
474,542,458,9,440
475,1116,1740,1920,744,372
476,393,1126,439
476,1126,439,1614
476,439,1614,1108
476,1614,1108,1789
476,1108,1789,13
476,1789,13,1388
476,13,1388,23,1060,1788
477,513,1925
478,543,1927,1928,429
479,244,1078,1931,998
480,1933,1932,1108
480,1932,1108,581
480,1108,581,390,1934,1872
481,1308,398
482,1626,530,1757
482,530,1757,120
482,1757,120,1565,793,1937
483,1839,1068,1938
483,1068,1938,201,1089,1668
484,135,1941,440
484,1941,440,783
484,440,783,1476,559,167
485,576,1944,1308,1945
486,236,456,235,870,1947
487,1948,1007,320,1703
488,1949,277,1087,530,869
489,1848,1543,91
489,1543,91,1950,1239,438
490,1700,1190,1898
491,1952,1953,1954
492,731,462,1955,1956
493,1959,1960,1957
493,1960,1957,1603,1735,1958
494,462,314,275,668,1962
495,1965,1511,1244
495,1511,1244,1964,1813,1737
496,1967,1836,1968
496,1836,1968,1367
496,1968,1367,1241
496,1367,1241,1921,1195,1966
497,250,931,384
498,1971,960,1970,32
499,204,1464,1973,1447
500,1084,1426,1976,1311
501,656,749,1106
502,1978,1065,320,1979
503,676,1980,82
503,1980,82,1938,1007,1906
504,1541,1210
505,1432,739,1982
505,739,1982,1926,1838,1983
506,55,1987,67
506,1987,67,54
506,67,54,1988
506,54,1988,775
506,1988,775,1986
506,775,1986,1691,344,1802
507,120,597,1105
507,597,1105,1567
507,1105,1567,1668
507,1567,1668,346
507,1668,346,1953,1186,347
508,61,377,843,1579
509,1396,1991,244,1701
510,245,957,1511,18,1992
511,547,1993,57,1664
512,304,1994,1027
512,1994,1027,258,1837,404
513,779,1997,75,753
514,1188,674,972,1998
515,2002,868,1808
515,868,1808,2000,1834,1999
516,624,148,2004,536
517,278,2007,277,2006,2005
518,1123,1888
519,1345,1630
520,1366,120,1909,128
521,2014,1434,399
522,110,579,798,2016,551
523,243,2020,2021,1896,1579
524,32,498,605,1
525,1787,111,132,438,1736
526,1686,164,1001,1813,2026
527,2029,1541,1192,2028,2030
528,2031,2033,96,2032,331
529,331,2034,692,1788,2035
530,2037,1193,346
531,1827,2038,1274
532,235,2039,210
533,2033,752,2041
533,752,2041,35,330,2040
534,2042,802,1762,57
535,2043,201,1298,1998
536,124,530,531
536,530,531,120,223,2044
537,120,593,2046,23,2045
538,1092,283,2047,346,867
539,1358,2048,926
539,2048,926,136,804,1470
540,1519,2051,2043,2049,2050
541,1732,2055,2056
541,2055,2056,2052,426,2053
542,2057,2058,1515
542,2058,1515,696,1895,1170
543,2060,1009,1021,66,2059
544,320,2062,2063,399,2061
545,2065,169,1941,372
546,1008,61,978
546,61,978,301
546,978,301,924,58,2066
547,1914,62,959
548,2069,856,2071,1105,2070
549,1121,54,1870,343,142
550,1149,201,1760,1761,2073
551,2076,640,2075
551,640,2075,1443,2074,374
552,2079,1161,336
552,1161,336,291,2077,2078
553,35,952,1048,422,614
554,2081,876,1814,288
555,464,2082,66,999
556,517,519,523,539
557,1726,2086,376,1340
558,983,2087,798
559,376,379,635
559,379,635,2089,277,258
560,136,163,420,1116
561,2091,777,2092,848,2090
562,453,1795,59,2093,589
563,2096,61,925
563,61,925,1076,2094,2095
564,210,436,390
564,436,390,2098,113,579
565,2101,320,483
566,2103,36,2104,1213
567,320,2105,1379,1228
568,180,177,436
568,177,436,187,832,695
569,2110,2109,296
569,2109,296,2108,244,2111
570,1361,2118,153
571,1291,2120,1956
571,2120,1956,2119,800,416
572,2122,1361,496,506
573,433,235,13
573,235,13,2123,111,428
574,164,10,1895,219,1102
575,1933,106
576,1007,1916,1751,1365,1358
577,136,1258,1808
577,1258,1808,453,695,1807
578,222,223,2131,936
579,2132,2133,225
579,2133,225,224,219,1499
580,2134,1546,239,1232
581,1727,2135,2136
582,386,2138,1539,1284,1336
583,951,201,401
583,201,401,227,226,2139
584,627,346,1436,835,1731
585,1450,1449,1443,949,137
586,2146,2145,2144,2143
587,1525,874,1189,58
588,158,2148,1200,2147,874
589,2047,2079,977,1648
590,106,107,1256,1508,1884
591,2152,966,2144,2154
592,1604,1478,1848,1150,1049
593,1199,2156,536,1134,282
594,1267,888,735,2157
595,164,2158,1261,1443,2159
596,538,2163,295,2164,1508
597,692,613,1488,152,2165
598,2168,258,1401,1376,2169
599,244,1181,81,710
600,2171,33,1416
601,2173,2024,2172,970
602,1581,1016,2174,214
603,210,1913,359,2142
604,187,176,1757,142,1568
605,163,581,391,1487,1350
606,373,2180,10,420
607,381,314,944
608,2184,2182,2185,2183
609,2186,1033,57,2001
610,538,984,598
610,984,598,464,61,807
611,1306,1270,120,530
612,23,1040,769,2053,764
613,1933,205,163,2191
614,235,1842,2109,402,241
615,4,1485,23,1480
616,2147,1102,1981,2169
617,2197,1380
618,672,301,717,2135,75
619,235,372,1771
620,2147,2200
621,2204,96,417,2203,1488
622,210,1155
623,2207,403,2124
623,403,2124,1881,2208,34
624,1498,2210,1941,1181
625,1872,2212,137
626,1561,1253,659,2142
627,20,532,523
627,532,523,2215,1908,528
628,368,348,581
628,348,581,2217
628,581,2217,104
628,2217,104,743,2218,79
629,1860,2219,2058,2220
630,1616,1294,232,416,2222
631,27,1226
632,1909,2225,815
632,2225,815,1655,1654,148
633,1498,411,390
633,411,390,1475,1729,214
634,2230,2226
635,1905,1671,1326
635,1671,1326,482,294,1387
636,1428,1935,1453,288,208
637,1704,2237,587,462
638,1646,366,2239,338,2238
639,2240,1434,50
639,1434,50,961
639,50,961,20,2216,283
640,136,346,2241
640,346,2241,145,279,1430
641,595,424,301,23
642,1815,1644
643,513,929,2053,104,1996
644,884,1058,35,2242
645,323,820,1781
646,1647,251,1777,1270,1393
647,1565,189,2245
647,189,2245,346,965,245
648,299
649,973,1194,164
649,1194,164,2247
649,164,2247,672,938,6
650,1453,1338,156
650,1338,156,460
650,156,460,2249,2117,2248
651,61,2250,1708
651,2250,1708,2020,2060,2254
652,2065,2255,1062
652,2255,1062,372,169,214
653,846,126,61
653,126,61,843
653,61,843,950
653,843,950,240,1732,2244
654,15,2055,1524
655,944,2117,371
656,469,2262,2260,828,2261
657,761,679,815
657,679,815,1418
657,815,1418,926,1426,2264
658,120,260,498
658,260,498,163,627,1814
659,978,1008,2068,244,360
660,1187,120,343,1629,638
661,1102,1242
662,1285,2273,2276,1756
663,1704,2277,2278,944
664,2279,867,244,545
665,1690,513,1835,1511
666,264,943,1455
667,1010,925,1311,2256,321
668,2285,2226,390,2269
669,379,2286,361,330
670,1529,1439,1235,1247,2289
671,845,1311,2290,1426,1579
672,2293,2294,1523,1162,2292
673,2296,1008,1311
674,2299,2085,486
674,2085,486,1759,1886,1961
675,692,1317,1923
676,320,480,802
676,480,802,470,233,2305
677,1471,330,296,1311,239
678,1839,2007,1288,874
679,126,1101,353,346,671
680,383,2307
681,62,2311,967,2310,238
682,1826,320,831,631
683,104,1345,1953,2314
684,756,1010,401
684,1010,401,61,1084,2315
685,320,1928,335,2316
686,1450,991,2319,2317,390
687,2198,1928
688,336,210,244,1442
689,1039,2325,384,2324
690,1285,1404,1406,1726
691,36,2328,2327,68
692,163,851,1812,1351,1497
693,1980,336,2331
694,472,2336
695,2338,1602,587,2337
696,2339,240,244,46
697,66
698,1976,2342,201,928,2315
699,1799,984,151,2098
700,793,1647,774,2139,1823
701,1837,245,1272
701,245,1272,2344,2345,828
702,216,1015
703,99,102,901
704,1344,1036,66
704,1036,66,2012
704,66,2012,141,94,2348
705,277,472,1563
705,472,1563,1402,2192,132
706,1185,2355,2351
706,2355,2351,1832
706,2351,1832,1435
706,1832,1435,2354
706,1435,2354,346
706,2354,346,2352,126,2353
707,1346,1990,2153,38
708,120,47,34
708,47,34,2358,692,2359
709,1951,505,32
709,505,32,59
709,32,59,120
709,59,120,346
709,120,346,690
709,346,690,16
709,690,16,1493
709,16,1493,2360
709,1493,2360,142
709,2360,142,1092,1382,1113
710,2030,1517,1513,1516
711,717,61,1119
712,1558,1961
713,1537,2316,709,2220,2334
714,1633,2362,1152,666,372
715,2363,1038,116,1609,1213
716,2214,979,543,2365,538
717,2353,55
718,1636,2306,772,1128
719,440,1656,163
719,1656,163,1622
719,163,1622,733,2142,1946
720,1541,2371,429,2372
721,1281,2374
722,2375,340,2377,2376,2378
723,754,1421,769
723,1421,769,820,1456,1339
724,747,2205,1354,2380
725,118,2381
726,2384,1529,2383,1920,551
727,2385,1181,1082,2386
728,224,1697,1550,201
729,225,2387,938
729,2387,938,716,2388,2353
730,1287,58,258,731,429
731,246,247,2385,1562
732,126,2287,611,283,710
733,531,20,536
733,20,536,970,283,300
734,2393,874,2395
735,2396,470,2397
735,470,2397,1015,1755,2398
736,152,2399,2117
736,2399,2117,1152,9,460
737,62,336,2400,2401,735
738,141,52,1269
738,52,1269,120
738,1269,120,498
738,120,498,53
738,498,53,345
738,53,345,2080
738,345,2080,1035
738,2080,1035,606,36,1712
739,1284,1537,1215
740,120,815,127,191,32
741,330,420,418,1983
742,1149,1027,520,919
743,917,2409,255
743,2409,255,36
743,255,36,751,2407,1930
744,2249,1665,2413
744,1665,2413,2412
744,2413,2412,1052
744,2412,1052,1144
744,1052,1144,1354,2075,2410
745,1480,2223,428,2310
746,1092,197,1493
746,197,1493,201,132,2414
747,1925,2063,2417
747,2063,2417,1190
747,2417,1190,643,373,559
748,1597,156,168
748,156,168,250,163,2419
749,605,1202,617,1679
750,2420,671,1254,940,416
751,1155,2422,394
751,2422,394,372,1661,137
752,2424,102,346,2423,1132
753,1711,1925,85,2426,1015
754,2429,2428,2430,1186,2427
755,2431,984,1085
755,984,1085,1388,2027,1805
756,2086,379,1704
756,379,1704,381,305,472
757,201,1500,10,1741,214
758,681,1341,471
758,1341,471,760,416,399
759,2434,2435
760,2437,584,1506
761,106,432
762,1152,1338,420,2438
763,1088,2439,1800,1271,2380
764,979,737,219
764,737,219,2362,391,372
765,1551,1756,1416,2172
766,1462,2409,104,1439,1195
767,1518,2441
768,470,2446,1905,314
769,58,335,2447,336,224
770,156,1487,1182,420
771,2277,2346,239
772,1307,2449,201,2389,104
773,2450,335,1753,2346,2275
774,112,1884
775,833,2452,532
775,2452,532,596,533,32
776,575,2453,749,413
777,120,2454,498
777,2454,498,1668,32,2313
778,2455,424,75,279
779,1686,570
780,2457,1436,2404,283,610
781,2458,2061,1677,1199
782,1551,1127,2329,817,1853
783,2460,1723
784,64,1768,1201,28,1616
785,2463,504
786,1066,23,1152
786,23,1152,1368,1373,476
787,220,2377,62
787,2377,62,2315
787,62,2315,336
787,2315,336,2365
787,336,2365,2028,1516,2121
788,1478,578,906,2466
789,799,1474,2467,1661,7
790,1152,2117,1362,373
791,58,2470
792,175,2330,335,2293
793,1007,2337,2471
793,2337,2471,314,380,1100
794,58,224,786
794,224,786,2472,2035,1037
795,251,1715,2474,183
796,403,104,2033,1340
797,344,120,32
797,120,32,689
797,32,689,1346
797,689,1346,2477
797,1346,2477,1345,1853,1036
798,244,816,120
798,816,120,1494,2478,141
799,126,2479,1093,967,346
800,2481,983,1537
800,983,1537,2482,1430,929
801,471,904,379,277,2483
802,633,532,1383,142,1187
803,2484,763,1225
803,763,1225,851,881,453
804,2485,622,2481,1585
805,1626,2486,1792,124
806,1186,533,268
806,533,268,525,1169,1266
807,234,700,1397
808,1338,993,2487,89,2206
809,23,2398,2489,570
810,163,1500,1239,2490
811,244,59,2492,346,1597
812,247,2458,2494,1518
813,770,261,1868
814,2350,2499,29
814,2499,29,330,2500,30
815,1089,2502,2504,2263
816,2201,201,278,1763,320
817,1464,2505,2499,530
818,1565,2475,1460
818,2475,1460,2506,797,2106
819,1207,1419,1807,2507
820,1268,2508,1664,187,1915
821,160,1564
822,36,26,2511
822,26,2511,2467,2510,2512
823,470,379,1078
823,379,1078,224,58,2514
824,605,2516,615,422
825,2493,1572,1095,1432,2040
826,120,2044,141
826,2044,141,728
826,141,728,658
826,728,658,1092
826,658,1092,593,346,638
827,2055,644
828,136,13,2366,2520,230
829,2521,470,1839
830,277,1412,635,2522,2524
831,1983,613,1634,1111,1607
832,135,1004,1960
833,2529,1565,1646
833,1565,1646,2530
833,1646,2530,120
833,2530,120,2527
833,120,2527,2267
833,2527,2267,2296
833,2267,2296,2528,1589,1269
834,1297,2258,853,1478
835,2132
836,479,2252,1531,1206,1672
837,784,1112,694,889,1959
838,2531,1602,869
839,2532,304,2534,2533
840,768,1721,1668,1088,1199
841,1443,853,163
841,853,163,892
841,163,892,659,187,897
842,2342,43,1561
842,43,1561,2071,1114,1783
843,2534,714,1822
844,2538,2537,1788,1615,2276
845,132,325,2541
845,325,2541,403
845,2541,403,368
845,403,368,639,1666,2540
846,2230,398,371,422,1778
847,666,1850,8,1497
848,581,2542,7
849,1001,552,1423,678,85
850,2543,777,244,2544
851,2148,2546,247
852,163,391,1446,941
853,225,473,679
853,473,679,2089
853,679,2089,2519,1961,2547
854,1409,1066,2548
854,1066,2548,1001
854,2548,1001,1039
854,1001,1039,438
854,1039,438,79,214,742
855,2187,1092,54,688
856,2552,1872,1154
856,1872,1154,325,132,2554
857,2061,769,2482
858,224,1016,238,2558,416
859,320,2559
860,1330,352,2561,2555
861,940,1231,1576,2293
862,1405,544
863,513,1482,1483
863,1482,1483,837,1229,1243
864,1742,2375,2060
864,2375,2060,2567,244,2096
865,244,2116,847,1559
866,386,2184,233,1283
867,2568,1152,366
867,1152,366,335,201,420
868,769,2451
869,570,2165,205,2382,702
870,430,1856,2571,314
871,210,1088,292,2081
872,219,372,1859
872,372,1859,288,2499,1935
873,1829,2479,508
873,2479,508,120
873,508,120,968,1344,688
874,1442,440,164
874,440,164,1245,2574,390
875,2020,244,1083,2575
876,284,2237,2576,2577
877,2442,2448,2291
878,125,50,2144,498,690
879,245,17,232,270
880,617,606,2579,2580,2379
881,2581,120,52
881,120,52,531
881,52,531,1318
881,531,1318,654,289,123
882,1240,29,1048
883,2514,44,1115
883,44,1115,1201,973,1146
884,58,2340,2583,717
885,422,86,1854
885,86,1854,1058,2584,413
886,1167,777,2502
886,777,2502,2340,851,163
887,1744,2267
888,1612,666,1152,163,461
889,166,957,1851,1161,743
890,251,32,2592
890,32,2592,651,1327,2031
891,2594,2465
892,61,2596,1270
892,2596,1270,1527
892,1270,1527,1083
892,1527,1083,2254
892,1083,2254,2444
892,2254,2444,1914,1411,1298
893,2295,24,23,688
894,132,152,372
894,152,372,371,2598,2062
895,1058,2018,737
895,2018,737,2499
895,737,2499,1728,2600,330
896,2486,240,1007,2601,81
897,2602,1068,1387,244,2007
898,559,554,2415
898,554,2415,557,561,560
899,304,496,448
900,120,2251,833
901,2591,270,106
901,270,106,2607,1482,692
902,973,811,336
902,811,336,2608,1550,335
903,289,855,32,163
904,188,46,95,2223
905,283,382
906,244,2340,1815
906,2340,1815,929,925,2612
907,724,2353,593
907,2353,593,637,144,735
908,132,2614,2613,538
909,1344,651
910,638,128,55
911,2617,2255,658,141,399
912,1303,120,527
912,120,527,142
912,527,142,1493
912,142,1493,198
912,1493,198,966,1166,626
913,2467,437,2618
913,437,2618,1245,612,391
914,2619,225,1453,372
915,2623,2124,1049
915,2124,1049,2620
915,1049,2620,884
915,2620,884,1001,410,1932
916,1420,516
917,1069,2521,1007
917,2521,1007,1938,401,2428
918,211,141,2140,1169,2624
919,2479,2408,2625
919,2408,2625,1768
919,2625,1768,626
919,1768,626,1329
919,626,1329,120
919,1329,120,254
919,120,254,862
919,254,862,261
919,862,261,614
919,261,614,2327,1201,29
920,70,250,1082,2360
921,183,2224,1314,2523
922,388,201,322
922,201,322,1217,1721,2483
923,2627,2628,2626,1110
924,533,2459,1907
924,2459,1907,489,32,1495
925,244,2633,1985
925,2633,1985,1005,2631,2632
926,925,1756,322,2244
927,2634,870
928,189,894
929,1565,188,187
929,188,187,2296,2267,2636
930,2023,250,2638
930,250,2638,36,892,72
931,1508,2282,2639,1467,2640
932,2641,2046,344,507,1334
933,120,2238,502,835
934,36,346,26
934,346,26,551
934,26,551,1543,141,96
935,817,353,2643,220,104
936,372,1784,580,2645
937,672,2272,1643
938,2314,51,901,1468
939,89,1857,2160
939,1857,2160,602,2504,1788
940,32,120,838
940,120,838,2588
940,838,2588,1092,141,2152
941,1349,2436,1908
942,1066,23,368
942,23,368,132,1989,2212
943,984,1798
944,245,295,2164,208
945,1149,462,320
946,1485,23,42,2031
947,219,1172,1736,2653,438
948,2237,529,1282,534,2240
949,244,755,1032
949,755,1032,1570,2276,672
950,32,2140,146,144
951,2657,1111,89
951,1111,89,1788
951,89,1788,1247,1778,2512
952,346,1912,1319,490,1132
953,304,320,1271,1312
954,221,2658,1314,1869
955,2659,1330,230,456,225
956,376,980,676,1401,2660
957,2254,235,2214,1707
958,2458,26,36,38,1243
959,2062,2353,212
959,2353,212,1699,828,1507
960,1525,2666,210,2115,2665
961,1432,2669
962,1816,845,2671
962,845,2671,36,239,1426
963,141,810,2441
963,810,2441,2672
963,2441,2672,1269,187,176
964,1590,1394,1568,649,599
965,263,2168,462,244,1621
966,243,220,2524,847
967,528,1169,1952
967,1169,1952,283,835,2630
968,151,496,1451,1806
969,338,2312,2038,2216
970,219,1453,1261,2413
971,2531,2344,376,1406,2273
972,278,538,462,2675
973,664,2676,2055
973,2676,2055,2445
973,2055,2445,1008,1044,59
974,2677,1180,882
974,1180,882,2678,1152,219
975,1443,439,1248
975,439,1248,1427
975,1248,1427,132,2280,1688
976,1149,470,379,201
977,1525,1464,2092,1783
978,1402,2344,1734
979,530,2681,1502,812
980,803,1391,1537,1955
981,2161,376,1412,2682
982,379,2683
983,1008,2543,58,644
984,2168,404,462,381,1862
985,2685,923,2616,471
986,200,525,194
986,525,194,1070
986,194,1070,1433,344,1811
987,132,1238,2686
987,1238,2686,2687
987,2686,2687,541,822,393
988,1630,2479,968,120,1718
989,151,984,497,745
990,244,58,470
990,58,470,2671
990,470,2671,1695,28,2193
991,1908,2581,532,128,1907
992,2691,1476,2593
992,1476,2593,2690,328,541
993,1766,128,1092
993,128,1092,2268
993,1092,2268,1330,346,2505
994,1909,1075,201,611
995,2694,381,2693,2321,526
996,1338,1152,1449,153
997,1818,1537,222
997,1537,222,320,466,1384
998,532,346,102
998,346,102,1731
998,102,1731,126,2490,328
999,462,803,2361,1557,1512
1000,218,2388,136,173
1001,539,2695,1017
1001,2695,1017,428,756,1047
1002,1809,59,745,1926,336
1003,2344,1751,621,1726
1004,386,2197,360,1406
1005,2114,2574,2084,1806
1006,214,1001
1007,235,2581,593,1198,765
1008,877,2698,2699
1008,2698,2699,372,172,1974
1009,552,2017,695
1009,2017,695,1247,1607,1737
1010,2700,2611
1011,2484,598,512,2703,2702
1012,638,1349,2704,126
1013,1896,1546,1962
1013,1546,1962,1707,1464,2707
1014,1405,672,1671
1014,672,1671,277,339,1357
1015,404,381,636,2580
1016,75,2560,1955,322
1017,2709,219
1018,1540,478,2531
1018,478,2531,382,2710,1593
1019,235,189,2295,2700,1084
1020,1089,1765,337
1020,1765,337,1654,27,1757
1021,2702,416,2712
1021,416,2712,1229,1195,78
1022,1167,201,2713
1022,201,2713,106
1022,2713,106,561
1022,106,561,2022,746,2626
1023,201,400,120,533
1024,1449,1053,1052
1025,887,458,2247,2049,1499
1026,1252,895,1270,108
1027,2717,438,851,1117
1028,2719,1175,978,209
1029,1068,258,2089
1029,258,2089,1581,224,2720
1030,945,1366,2721,1562
1031,2073,150,484,325,986
1032,1189,26,2243
1032,26,2243,132
1032,2243,132,111
1032,132,111,1034
1032,111,1034,224,230,1296
1033,461,18,201,460
1034,440,1245,2551
1035,1253,2723
1036,2334,1296,2097,2724
1037,163,137,390,878,2725
1038,1358,2183,950,1454
1039,2726,743
1040,657
1041,2452,2354,2577,2728
1042,1291,1464,1701
1042,1464,1701,1712,349,1297
1043,1092,52,2268,1347,1348
1044,210,977
1045,737,167,1153
1045,167,1153,541,954,1475
1046,1408,1365,379
1046,1365,379,311,2105,118
1047,305,2322,2353,1699,709
1048,2550,682
1049,1172,1853,372
1049,1853,372,826,886,671
1050,1588,1565,1268,865
1051,96,2733,570
1051,2733,570,132,579,325
1052,936,258,277
1052,258,277,598
1052,277,598,240,472,1364
1053,320,293,2734,2060,1265
1054,2221,851,1476
1055,1571,136,1772,2449,245
1056,244,2334,772
1056,2334,772,1693,1541,1291
1057,2735,1537,2142,1773,59
1058,1602,2431,277,1538
1059,1055,376,1401,676,1818
1060,1223,2637,509
1060,2637,509,106,897,68
1061,2697,1396,1542,406
1062,2684,2702,224
1062,2702,224,513,232,2432
1063,445,88,152
1063,88,152,372,496,113
1064,1760,2073,1761,1151
1065,904,759,66,2738
1066,481,471,381
1066,471,381,731,1946,2333
1067,201,1927
1068,163,1245,391
1069,471,1335,1285,1412
1070,320,2117,1361
1070,2117,1361,235,2680,1226
1071,1751
1072,1335,61,803,377,1218
1073,997,225,222,1018
1074,1105,214
1075,1254,699,2741,1425
1076,1167,27,2074
1076,27,2074,2141,1368,1859
1077,42,730,2742
1077,730,2742,2520
1077,2742,2520,646,1040,1923
1078,66,952,748,1966
1079,244,2744,1122,2743
1080,755,2583,2455
1080,2583,2455,330,2746,353
1081,670,1037,104,1193,1145
1082,1288,2148,2105,201,874
1083,189,2745,2535
1083,2745,2535,2306
1083,2535,2306,26
1083,2306,26,1297,1855,132
1084,18,9,458
1084,9,458,459,1025,1136
1085,1045,2387,1055
1085,2387,1055,1084
1085,1055,1084,58
1085,1084,58,62,1924,4
1086,2748,379,635,447,1793
1087,27,871,2559
1088,258,2708
1089,2750,201,2749,225,644
1090,2061,2751
1091,1044,1694,2561,960,201
1092,801,1152,1499,878,2753
1093,72,32,2425,639
1094,1097,27,2315,2754
1095,314,15,1007,486,944
1096,1704,258,376
1096,258,376,1391
1096,376,1391,312,2273,729
1097,1538,2391,2756
1098,120,537,1496
1098,537,1496,584,245,757
1099,120,949,1512,1384
1100,2762,323,1760,1470,335
1101,1508,1016,308
1101,1016,308,1148,238,272
1102,2148,2764,1085,1857
1103,120,1328,343
1104,1916,1068,376
1105,302,1537,1902,2061
1106,250,2000,2001,453,1679
1107,120,2765,20
1107,2765,20,148,1995,2647
1108,730,1223,1291
1108,1223,1291,1457,1783,2766
1109,378,335
1110,845,1011,595,244,767
1111,403,1472,707,2554,455
1112,320,1493,338,527
1113,58,1657
1114,244,779,1375,545
1115,423,75,841,76,2518
1116,400,2141,132,581
1117,1361,225,1760
1117,225,1760,2769
1117,1760,2769,338,336,245
1118,2074,1238,163,1944,5
1119,1024,1291,1290,719,934
1120,2425,1482,1919,409
1121,1338,1152,153,1449
1122,941,1066,1487
1123,57,428,451,1224
1124,66,32,1681,2389,1557
1125,1211,442,546,171,1443
1126,1049,417
1127,390,2726,2774
1127,2726,2774,1308
1127,2774,1308,435,851,1323
1128,396,828,207,434
1129,2775,1055,672,2658
1130,210,2776,219,2325
1131,1316,1464,1568,51
1132,245,2330,867
1132,2330,867,288
1132,867,288,1251,2777,2641
1133,2104,2299,1528
1133,2299,1528,1597,237,1609
1134,250,2486,312,314,1572
1135,2780,878,1501
1135,878,1501,798,800,826
1136,235,2781,1119,1191
1137,2784,1558,1114,357
1138,1909,531,1757
1138,531,1757,2654
1138,1757,2654,1302
1138,2654,1302,1870,1199,283
1139,530,593,532
1140,1067,1363,1980,1404
1141,2376,61,279,1231
1142,1751,223
1143,2633,438,201,92,219
1144,2788,2790,1052
1144,2790,1052,456,1058,2745
1145,201,669,945,2760,806
1146,936,758,2345
1146,758,2345,2005,2635,1147
1147,89,578,1974,2791
1148,383,1359,320,277
1149,111,2793,86,1561
1150,2457,768,122
1150,768,122,102
1150,122,102,100
1150,102,100,1712,2423,1936
1151,2277,942,337
1151,942,337,1078
1151,337,1078,1581,2061,929
1152,681,314,387
1152,314,387,871,2795,2748
1153,1672,2176,399,426,2494
1154,424,1581
1155,201,401,2797,949,75
1156,1238,85,1972,850
1157,456,225,2346,2087
1158,2030,1516,446
1158,1516,446,239,1517,2798
1159,142,32,671
1159,32,671,2312,346,1007
1160,211,1422
1161,1291,644
1162,541,1106,1484,214,2619
1163,2799,163,459
1163,163,459,1150
1163,459,1150,733
1163,1150,733,1497,367,1137
1164,590,244,2659,312
1165,1049,2801,1556,736
1166,978,1469,588
1166,1469,588,710
1166,588,710,293,2734,2293
1167,26,2159,724
1168,576,991,580,742,367
1169,336,2676,513,2651,214
1170,283,630
1171,120,1088,346
1171,1088,346,1903,353,1803
1172,2727,57
1173,2804,210,2664
1173,210,2664,2688,2350,2778
1174,2468,699,2806,1673
1175,2743,1216,2625,574
1176,2573,491,1910,475
1177,812,638,343
1177,638,343,597,2808,1334
1178,2058,1338,1138,1449,153
1179,934,1541,914,2811,2810
1180,1779,984,1597,779
1181,66,2463,1656,2731
1182,794,2473,1647
1182,2473,1647,189,248,1589
1183,1668,813,525
1184,1586,733,643,1812,1052
1185,644,58,2029
1185,58,2029,2812
1185,2029,2812,924
1185,2812,924,935
1185,924,935,1742
1185,935,1742,1195,2200,1927
1186,120,686,1344
1186,686,1344,32
1186,1344,32,24
1186,32,24,626
1186,24,626,835
1186,626,835,1269
1186,835,1269,902
1186,1269,902,688
1186,902,688,1588
1186,688,1588,189,58,498
1187,2086,2368,1994,2420,335
1188,1008,2290,1753
1189,424,1574,867,513,2219
1190,320,1011,223,1366,464
1191,470,1374,1363
1191,1374,1363,1068
1191,1363,1068,2634
1191,1068,2634,1742,2329,2814
1192,530,1121,1199,2815,335
1193,251,2267,343
1193,2267,343,2473,2816,2144
1194,1305,1089,2818
1194,1089,2818,1909,2817,20
1195,689,686,1096,498
1196,1399,201,935
1197,1551,61,2534,335
1198,571,1688
1199,1705,2605,670
1199,2605,670,44,573,2821
1200,2406,1565,2822
1201,678,2407,2208,1367
1202,1643,717
1203,368,132,1425,1427,214
1204,2710,1754,161,1055
1205,1697,274,1576,2823
1206,2824,890,476,887
1207,120,531,1718
1208,1840,2802,471,802
1209,189,1034,2080,2827
1210,2828,565,555
1210,565,555,554,563,560
1211,246,1084,1518,2340
1212,774,624,1871
1213,2832,1338,2831,1464
1214,481,1007,644,1749
1215,2833,1837,943,1762
1216,1408,318,2102
1217,2822,1252,35,1269
1218,1748,2006,248,2834,674
1219,833,2588,2803,2145,2836
1220,336,2367,1557
1221,1279,191,1280,127
1222,163,956,1729,888,2838
1223,2840,171,2133,1190
1224,2841,104,239,336,724
1225,238,2614,277,2098
1226,1282,20,1757,269,32
1227,132,1622,2842,1860
1228,163,1450,2788
1228,1450,2788,1612
1228,2788,1612,734,1684,1685
1229,1927,590,1639,1396,1122
1230,2592,351,2095,120
1231,859,1700,2446
1231,1700,2446,2116,2843,1396
1232,2844,2692,2746,250
1233,2254,286,358
1233,286,358,709
1233,358,709,769,1032,23
1234,1604,1308,1476
1234,1308,1476,1605,2845,1660
1235,462,2846,590,61,1881
1236,337,1619,148,1134,2155
1237,224,225,1396,1609
1238,300,1388,1649
1238,1388,1649,611,2847,865
1239,737,457,567,580
1240,636,2848,62
1240,2848,62,2779,336,2172
1241,595,440,1511,2717,2220
1242,767,62,652,2172
1243,1954,121
1244,1841,1061,1242,132,2270
1245,1152,1449,2850,390
1246,106,1411,1579,1819
1247,2335,1365,336,2852
1248,47,1608
1249,1704,1207
1250,1708,679,2854
1250,679,2854,973
1250,2854,973,336,2511,2352
1251,2857,617,2284
1252,250,275,2344,679,1198
1253,1225,244,880,2858,763
1254,2399,2859,1152
1254,2859,1152,1449,153,2112
1255,27,306,671,279,2047
1256,874,2545,376
1257,1001,325,7,1959
1258,126,1345,600
1258,1345,600,1951,1828,1109
1259,373,2632,1729,1239,1939
1260,2564,2565,2531,1540,1620
1261,1637,62,2308,1157
1262,2861,1984,1645,1781,1168
1263,2859,2862,576,390
1264,2693,1693,1520,2236
1265,120,1629,1923
1265,1629,1923,187,691,32
1266,1011,62,244
1266,62,244,61
1266,244,61,58
1266,61,58,2253
1266,58,2253,250,717,2426
1267,1742,2866,304
1267,2866,304,2865
1267,304,2865,2633,216,2289
1268,2272,1772,2370,118,102
1269,1844,2868,325
1269,2868,325,398
1269,325,398,436
1269,398,436,695
1269,436,695,851
1269,695,851,1874,36,69
1270,244,2476,2346
1271,1864,319,2307
1271,319,2307,1683,1697,1528
1272,2002,2719
1273,1487,1155,137,1852,1624
1274,1288,385,618
1274,385,618,2660,258,2439
1275,120,104
1276,1216,716
1277,2869,2067,2454,1088
1278,136,150,2115,2025,733
1279,1012,490
1280,1510,1092,187
1281,1368,162,741
1282,127,1121,2189
1282,1121,2189,120
1282,2189,120,532
1282,120,532,266
1282,532,266,140
1282,266,140,2490,2505,2692
1283,309,2794,334,2278
1284,314,190,62
1284,190,62,2444
1284,62,2444,1045,2514,44
1285,2035,1235,224,238
1286,2832,219
1287,137,1172,2873
1288,840,2756,1086
1288,2756,1086,1270,658,544
1289,783,695,107,1034,2322
1290,674,471,237,926,1372
1291,706,2192
1292,2776,2074,1853,1789,1788
1293,2627,163,2874,1853
1294,1497,73,1880,417,615
1295,214,1571,1541,401,358
1296,409,1934,2876,1484,1004
1297,1825,336,1961,142,102
1298,962,2613,1977,2283
1299,318,2334,1570,1082
1300,1708,626,120,1630
1301,2877,2878,2606,923
1302,1493,2331,640,270
1303,267,1070,1166,1568,2140
1304,188,1588,2295
1304,1588,2295,2267
1304,2295,2267,179
1304,2267,179,1714
1304,179,1714,1269
1304,1714,1269,1392
1304,1269,1392,504,177,2732
1305,370,496,973,692,325
1306,640,37,106,1024,2043
1307,2297,189,893
1307,189,893,2245,1209,22
1308,1510,2788,1397,1661
1309,2508,792,1565,85
1310,627,1087,2042
1311,201,61,1191,59
1312,947,2018,2607
1312,2018,2607,1237
1312,2607,1237,1019,114,1253
1313,66,1049,2554,390
1314,923,1032,2769
1315,2240,1007,2752
1315,1007,2752,1670,347,603
1316,2429,2525
1317,1735,737,391,368
1318,248,533,530,2833,2566
1319,1622,1876
1320,2880,2332,2662,655
1321,958,297,2632,2825
1322,730,2881,1759
1322,2881,1759,296,752,2435
1323,496,2353,1787,2368,1739
1324,136,173,2232,1258
1325,641,368,2098
1326,246,1870,20
1326,1870,20,637,148,2240
1327,245,2883,1822,46
1328,541,2884,1473
1329,1114,2030,239,2346
1330,580,1581,1876
1330,1581,1876,1872
1330,1876,1872,23,422,1853
1331,1080,250,2887,2357,2340
1332,462,381,404
1332,381,404,471,136,1258
1333,64,2536,187
1333,2536,187,593,625,403
1334,1119,61,1971,279
1335,2277,2634,2168
1335,2634,2168,280,2149,2376
1336,649,128,655,274,2890
1337,417,1006,1116,163,2247
1338,1588,189,2893,893,188
1339,2894,1794,874,1162
1340,1087,1345,706,1369,1708
1341,451,1962,26
1341,1962,26,43,23,44
1342,2478,284,527
1343,1919,2895,2462
1343,2895,2462,45,652,2053
1344,2296,2464,2463
1344,2464,2463,2238
1344,2463,2238,189,2896,1715
1345,1502,1088,531,2582
1346,80,2104,1294,591
1347,986,1447,1813,2897,2191
1348,460,8,9,733,137
1349,2323,67,593
1349,67,593,1345,1930,34
1350,1443,728,2629
1351,201,2711,2902
1352,1120,2426,2094,2170
1353,501,79,2490
1354,1916,278
1355,2904,779,240
1355,779,240,649,283,280
1356,66,343,2379,2591,2756
1357,2905,2714,879,420
1358,929,779,2054
1358,779,2054,2906,418,512
1359,132,1733
1360,1748,383,1056,944,2136
1361,245,2909,1449,153,2112
1362,1954,532
1363,2480,55,1095,52
1364,481,436,737,2910,1150
1365,2129,440,403,391
1366,1089,1890,1505,148
1367,595,2535
1368,325,821,1821
1368,821,1821,76,789,75
1369,2123,48,1953,403
1370,2297,1393,189,1526
1371,1775,2268,349,357
1372,2913,2379,581,1614,749
1373,320,2200,304,26,2915
1374,1835,1511,551
1374,1511,551,1855
1374,551,1855,390
1374,1855,390,1802,26,422
1375,2837,815,1304,283
1376,638,1115,688,52
1377,2755,2644,27,1651
1378,391,163,1476,671
1379,244,82,2162,2660,84
1380,1030,2918
1381,1731,1670,2919,626
1382,243,904,376
1383,1366,405,242
1383,405,242,320,322,1750
1384,258,1774,1581
1384,1774,1581,2908
1384,1581,2908,1540,2606,314
1385,245,585,20,2894
1386,2921,2371,2922
1387,1420,2034,224
1387,2034,224,1919
1387,224,1919,1268,177,2923
1388,1704,1087,1369
1389,1117,2765,530,1341
1390,1370,2925,2926,1049,1449
1391,372,1686,993
1391,1686,993,853
1391,993,853,1443
1391,853,1443,851
1391,1443,851,1116
1391,851,1116,164
1391,1116,164,152,639,1859
1392,163,2228,2773,2026
1393,544,2752,2864,908
1394,1925,2928,880,132,840
1395,1974,251,2298
1396,187,1715,2929,2474,789
1397,304,125,1636,320,278
1398,2512,2177,2930,1967
1399,1084,2066,1119
1400,1757,2452,2890
1400,2452,2890,2013,2436,596
1401,2649,2061,2931,478
1402,2073,984,1760,320
1403,2094,2334,2785,1518,664
1404,1535,2590
1405,429,210,1638
1405,210,1638,501,973,325
1406,2259,2230,665,1291
1407,1053,2487
1408,276,336,1610,1913,82
1409,1001,438,852,397,7
1410,301,246
1411,303,2935,1562
1412,2086,978,2102,1281,2937
1413,1064,1799,1658,1796
1414,589,325,445,2938
1415,1664,2061
1416,591,326,372
1416,326,372,2939,26,43
1417,1212,512,2940,588,1341
1418,1654,127,773
1419,1008,296,360,246,2784
1420,156,150,1760
1421,2944,681,314,2168
1422,1748,1994,2185,951
1423,2945,1291,429,2111
1424,13,2796,201,1758
1425,1167,245,456
1426,304,731,314,532,679
1427,22,2947,177,353
1428,309,2163,671,339
1429,982,258,1914
1429,258,1914,923
1429,1914,923,2290
1429,923,2290,195
1429,2290,195,2822
1429,195,2822,2192
1429,2822,2192,2441,1540,351
1430,1616,2659,2451
1430,2659,2451,156,219,2229
1431,1087,1891,2485,2004,874
1432,867,239,1430,1228,2482
1433,188,2948,36
1433,2948,36,1082
1433,36,1082,1785,68,1583
1434,2347,2081,1164,2109,1061
1435,1344,1567,2153
1435,1567,2153,2188
1435,2153,2188,2348,966,2266
1436,132,101,1561
1436,101,1561,326,2077,96
1437,820,2052,75,819,141
1438,1776,83,255,1781
1439,1763,1221,2192
1440,25,764,1018,1099
1441,1757,120,624,2024,16
1442,2365,2488,1368,2600
1443,277,2195
1444,1088,1132
1445,1726,1381,379,1692
1446,160,334,1827
1446,334,1827,1068,1264,1285
1447,638,201,170,163,372
1448,538,1149,480
1448,1149,480,1635,522,1772
1449,66,118,837
1450,539,310,522,521
1451,2436,1918
1452,1149,1515,1443
1452,1515,1443,1848,1511,1151
1453,1566,532,142
1453,532,142,2518
1453,142,2518,2800
1453,2518,2800,2562,1493,857
1454,244,805
1455,1039,59,2162,1922
1456,1277,1413,404
1456,1413,404,2813,277,1593
1457,1861,1413,622
1457,1413,622,1862,1656,224
1458,334,635,401
1459,610,961,126,282
1460,250,1819,905,36
1461,2729,245,424,2704
1462,106,2659,1931
1462,2659,1931,2235,944,201
1463,2953,227,226,2458,320
1464,1744,2572,120
1464,2572,120,50,1743,32
1465,136,1258,1025,2465,1613
1466,1779,2955,777
1467,201,1496,2956
1467,1496,2956,120
1467,2956,120,585,19,1493
1468,1959,325
1469,1579,2957,244
1470,900,250,840,794,842
1471,1007,1208,2907,501
1472,2751,910,2440,1021
1473,2477,2816,2835
1473,2816,2835,2348
1473,2835,2348,32
1473,2348,32,2146
1473,32,2146,1328,1390,257
1474,1537,201,1396,245
1475,531,49,2188
1476,599,1088,142
1477,376,2531,859,2959
1478,2117,2399,163,1049
1479,845,20,858,298
1480,1952,141,279,833,185
1481,2563,26,106
1481,26,106,2087,2933,2465
1482,2921,159,2614
1483,90,1637
1484,2750,378,2962,1550
1485,1030,2387,938,1448,593
1486,416,2851,1159,463,336
1487,399,583
1488,470,401
1489,244,2963,1254
1489,2963,1254,867,500,232
1490,1889,856,1594,2523,2700
1491,10,1337,475,1324
1492,1389,811,343,1087
1493,1236,201,280
1494,925,1579,1376,981
1495,59,2965,1452,1760
1496,946,158
1497,250,2966,424
1497,2966,424,840,244,1947
1498,1366,320,388,1994,341
1499,58,1084,1223
1499,1084,1223,2154,1561,1999
1500,412,2622,1612
1500,2622,1612,390,1001,1687
1501,2502,2968,1546,2456
1502,136,554,395
1502,554,395,557
1502,395,557,566
1502,557,566,558
1502,566,558,563
1502,558,563,561
1502,563,561,368,562,1261
1503,995,111,851
1503,111,851,422
1503,851,422,1724
1503,422,1724,7
1503,1724,7,2969,579,2019
1504,136,2709,2970,156
1505,851,167,391,783
1506,120,1863,2972
1506,1863,2972,2491
1506,2972,2491,809
1506,2491,809,1302,1304,499
1507,924,104,13
1507,104,13,2441
1507,13,2441,661
1507,2441,661,2663
1507,661,2663,1415,2804,1253
1508,132,768,101,115
1509,1118,1124,2697
1509,1124,2697,251,2396,2273
1510,438,2422,1139,581,391
1511,2749,462,2148,1285
1512,794,2732,903,1269,804
1513,2932,869,2925
1513,869,2925,85,1539,1031
1514,1010,592,926,867,235
1515,157,277
1516,2458,2353,940
1517,250,2975,2976,1507,339
1518,225,277
1519,2057,1801,2772,235
1520,456,856,2977,1892
1521,2643,307,1230,726
1522,1078,984,1581
1522,984,1581,1727,2135,322
1523,1286,1342,1087
1523,1342,1087,1199,32,1158
1524,1160,59
1525,1557,1061,34
1525,1061,34,1332
1525,34,1332,103,97,2457
1526,2834,2978,471,338,2979
1527,410,952,749,2980
1528,1499,2981,2982
1529,251,794,2983
1529,794,2983,1648,184,1512
1530,517,522,2557,1190
1531,2984,2182,1292,2921
1532,2521,2087,352,2607,2402
1533,519,2887,2372,981
1534,1361,2829,1181,448
1535,201,2924,1026
1535,2924,1026,1290,1824,2136
1536,152,1135,2112,1449,2790
1537,498,896,1493
1537,896,1493,344,1768,346
1538,66,2341,1433,498
1539,2531,530
1540,2471,1597,317
1541,599,1132,1568,495
1542,1782,1160,1732,2907
1543,2733,804,2740,1825
1544,248,859,665
1544,859,665,141,148,359
1545,1115,1291,828,2262
1546,350,1132,2669,526,1909
1547,244,2057,235
1547,2057,235,522,803,292
1548,2238,177,214,2401
1549,851,559,565
1549,559,565,2415
1549,565,2415,555
1549,2415,555,395,558,561
1550,1299,2020,1528,80
1551,2927,816,142
1551,816,142,2987,1913,132
1552,1412,1862,380,754,2271
1553,1744,593
1554,1539,1412,870
1554,1412,870,471
1554,870,471,1881
1554,471,1881,1948
1554,1881,1948,462
1554,1948,462,871
1554,462,871,239
1554,871,239,1404,2702,59
1555,1768,126,346
1555,126,346,102,289,490
1556,381,1563,2414,335
1557,737,2884,391
1557,2884,391,111,2988,390
1558,1870,59,611,2990
1559,233,1016,2991
1559,1016,2991,496,2558,232
1560,420,2204,2992,457,336
1561,933,2922,301
1562,1280,531,1232,789,2993
1563,1069,2954,1948,2477
1564,158,538,295,1929,2532
1565,2367,766,118,2915
1566,493,2452
1567,1008,1576
1568,2994,665,1480,210
1569,1055,2149,462
1570,950,1291,2252
1570,1291,2252,2747,2995,1756
1571,598,360,2110,1626
1572,244,1243
1573,552,368,110
1573,368,110,566
1573,110,566,167,564,556
1574,1034,106,107
1574,106,107,691
1574,107,691,73
1574,691,73,605
1574,73,605,1058,98,39
1575,1017,1464,126,73
1576,1739,420,2996,2819
1577,1930,34,114,2607,307
1578,554,565,557,563
1579,833,2818,120
1579,2818,120,1121,2692,123
1580,2823,447,1358,372,420
1581,18,372,1136
1581,372,1136,163,1956,459
1582,325,429,1040,1684
1583,2149,1703
1584,984,2796,2998,1373
1585,2906,224,1055
1585,224,1055,722
1585,1055,722,1396,2999,232
1586,597,141,1302
1587,2805,2938,2648,2736,3000
1588,2581,1908,1493,142,2786
1589,1842,2769
1590,2942,486,2043,1587,369
1591,189,2893,1588,177
1592,1801,2617,1643
1593,219,1467,1686,3001
1594,104,191,2697
1595,897,2627,878
1595,2627,878,2724,971,2657
1596,219,1446,3002,1792
1597,1207,2200,2108
1597,2200,2108,1086,104,989
1598,2677,372,941,468
1599,1980,1652,2236,1650
1600,163,3004,23,2618
1601,1140,2673,1451,1833
1602,106,740
1603,1646,2012,1744
1603,2012,1744,593
1603,1744,593,2146
1603,593,2146,1315,119,2589
1604,2588,625,120,1701,593
1605,3005,391,420
1605,391,420,2806,415,850
1606,245,833,1342
1607,277,944,338
1608,142,62,2947
1609,1369,2276,36,1210,29
1610,2855,128,638,970,147
1611,1870,1677
1612,240,145,214,2782
1613,163,440,2141,2691
1614,538,27,1014,994,7
1615,471,794,102
1615,794,102,346
1615,102,346,265,1493,3006
1616,99,2457,23
1616,2457,23,2012
1616,23,2012,1988
1616,2012,1988,344
1616,1988,344,260
1616,344,260,899,1328,1803
1617,263,1601
1618,413,2827,2515,694
1619,344,606,99
1619,606,99,499
1619,99,499,1768
1619,499,1768,626
1619,1768,626,688
1619,626,688,593
1619,688,593,2479,2731,2012
1620,132,1487,1848,135,2467
1621,94,1600,2268
1621,1600,2268,1990,67,2143
1622,250,1008,2068
1622,1008,2068,1023,61,2390
1623,668,470,301
1623,470,301,845
1623,301,845,2904,1541,2451
1624,622,201,1585,1228,1576
1625,783,697,297,372,1324
1626,2762,1630,638,378
1627,543,1642,215
1628,1809,2129,2174,1458
1629,2250,58,1563
1629,58,1563,187
1629,1563,187,2043,270,57
1630,3010,1773,2234
1630,1773,2234,1253,3006,2928
1631,2931,150,387
1631,150,387,221,874,1837
1632,244,1742,246,2596
1633,900,2601,108,401
1634,373,219,1453,1361,1152
1635,386,543,294
1636,136,336,132
1636,336,132,2675,1854,1511
1637,1162,1923,1962
1638,2673,1643,803
1639,640,2734,244,456,2334
1640,1142,224,1404,2559,278
1641,674,1230,3012,2030
1642,1591,2292,1640,538,365
1643,61,2048,855
1643,2048,855,1095,2049,1497
1644,2943,154,1442,2422,986
1645,472,731,2502,2716,2030
1646,1954,1626,270,1757,3013
1647,2679,2240,3014,2156
1648,1412,280,1680,59,1821
1649,1361,219,325,445
1650,270,367,1367,616,937
1651,251,2069,1715
1651,2069,1715,1393
1651,1715,1393,794,1647,120
1652,847,250,1264,2683,2175
1653,3016,236,1227
1653,236,1227,716,336,1575
1654,148,120,1389,526
1655,1917,2151,495,3017,252
1656,3019,1732,3018,1579,819
1657,874,3020,319
1657,3020,319,873
1657,319,873,120
1657,873,120,320,2545,1198
1658,1872,153,1449,262
1659,406,1213,336
1659,1213,336,2974,2222,2199
1660,485,94,484,369
1661,201,364,416
1661,364,416,2385,1482,929
1662,2957,859,2667,1787
1663,2223,1449,496,435,151
1664,1238,2686,2499,36,2
1665,240,61,789,1458,949
1666,125,2172
1667,2522,157,2509
1668,391,397,2934,1543,851
1669,201,17,1757,1087,128
1670,18,460,1575,2035,1631
1671,625,1645,32,2433,2782
1672,1562,1082,3022
1673,1513,464,62,956,1820
1674,1242,878
1675,3023,2502,102,490
1676,1092,599,495
1676,599,495,2449
1676,495,2449,2902,2505,2081
1677,794,189,2504,23
1678,2486,1653,3025
1679,371,1043
1680,593,32,1382
1681,456,977,1232,2900
1682,2354,1912,1301,1132
1683,439,2824,2465,1992
1684,576,551,2827
1684,551,2827,2967,1967,954
1685,1476,697,2791,3026,1958
1686,26,397,737,1614
1687,1183,2052,3003,2213,2022
1688,40,658,2359,864,891
1689,120,72,1460
1689,72,1460,500,270,1429
1690,1291,28,244
1691,1528,337,244,3028,1425
1692,1804,590,3029,2305
1693,226,2208,235,456,1806
1694,2402,3031,409,106
1695,874,471,802,240
1696,570,1247,1921
1696,1247,1921,692
1696,1921,692,1051
1696,692,1051,2302
1696,1051,2302,1248,167,79
1697,1846,2320,743,975
1698,462,679,277,2968
1699,1707,415,411
1699,415,411,2554
1699,411,2554,1945
1699,2554,1945,954
1699,1945,954,1332,1172,336
1700,224,1797,1675,2175,496
1701,1054,1049,1614,693,3
1702,388,1405,2814
1702,1405,2814,2282,1200,2321
1703,1074,2734,597,247,1345
1704,278,672
1705,1881,638,2373,3032,239
1706,2287,1948,756,211
1707,1883,1941,991,390
1708,377,717,244
1709,356,245,2534,1516,649
1710,120,833,1349
1710,833,1349,949,1924,929
1711,1779,15,1264
1711,15,1264,2257,1360,43
1712,1624,2141,2284
1712,2141,2284,299,2269,420
1713,1498,1497,975
1713,1497,975,818,744,985
1714,486,1103,1236,1594
1715,1582,2514,2090,1532
1716,580,1443,440
1716,1443,440,1001,2018,1707
1717,851,26,1239
1717,26,1239,111,23,2737
1718,1860,588,1843,1660
1719,1411,104,1253,2402,330
1720,1198,623,1948,2308
1721,1252,2473
1722,912,58,1223,1084,867
1723,61,211,1650,675
1724,152,734,1049
1724,734,1049,1487,735,994
1725,163,595,513,214,2992
1726,1226,401
1727,2916,2189,211,815
1728,166,789,26,578
1729,856,59,2290,596,3034
1730,1674,165,372
1730,165,372,697,3035,739
1731,369,2285,78,2331,1440
1732,1017,304,2091,2916,1632
1733,237,926,468
1734,2488,1853,1424
1734,1853,1424,2402,1509,1688
1735,1553,749,410,884
1736,1017,2883,189
1736,2883,189,244
1736,189,244,1034
1736,244,1034,797,2070,347
1737,163,941,155
1737,941,155,372
1737,155,372,2181,104,206
1738,163,1859,2711
1738,1859,2711,2179,2708,3036
1739,2402,36,2705,422,613
1740,853,445,131,2230
1741,296,2922,2762,2078
1742,168,1509,2231
1743,1457,401,2783
1743,401,2783,1720,1709,1105
1744,135,1291,3038
1744,1291,3038,1642
1744,3038,1642,2308
1744,1642,2308,2907
1744,2308,2907,2222,416,2708
1745,277,539,462,3039,1055
1746,1292,2168,2887
1747,2141,1368,2600
1747,1368,2600,1424
1747,2600,1424,1323
1747,1424,1323,570,514,2951
1748,1597,388,1343,404,2890
1749,420,89,1504
1749,89,1504,926,956,62
1750,2604,163,468
1750,163,468,2709,155,941
1751,1406,923,943,2255,278
1752,258,2752,2571,330
1753,81,210,843
1754,16,1334,75,197
1755,373,2790,1151
1756,3041,2020,839
1756,2020,839,1084
1756,839,1084,912
1756,1084,912,925,2070,1187
1757,1188,1551,731,1638,2251
1758,1322,201,2680
1758,201,2680,324,2762,2134
1759,163,826,165,1172
1760,373,1362,2065
1760,1362,2065,1190,2129,374
1761,2985,1738
1762,2366,2276,29,429,108
1763,219,390,2718
1764,2597,2642,1721
1765,85,107,1451,369
1766,373,3042,372,1362
1767,48,498,1345
1767,498,1345,32,2153,2045
1768,2290,1020,2868
1768,1020,2868,932,1293,429
1769,547,503,604,502,1082
1770,671,2612
1771,2948,66,2787,2341
1772,1290,1196,335
1773,106,1581,701
1773,1581,701,62,390,737
1774,1310,2873,739,1004
1775,3044,1032,742
1776,1290,32,1509,420
1777,747,1014
1778,132,1035,2964
1778,1035,2964,2774,973,724
1779,2237,1994,201
1780,372,219,2691,3040,1116
1781,233,1539,1459,2163
1782,2354,1904,494,320,3046
1783,1330,2988,1397
1783,2988,1397,1508
1783,1397,1508,433,2272,2381
1784,391,23,132,43,1061
1785,2948,2787,422
1785,2787,422,1201,1554,953
1786,2067,1984,1022
1786,1984,1022,1525,1669,1432
1787,2605,2059,510,224
1788,2006,1656,522
1788,1656,522,2087,1984,551
1789,1994,2734,193,1199,55
1790,2817,2392,2442
1790,2392,2442,2864,3027,1650
1791,997,2048,675,1188,2315
1792,1365,2265
1793,2663,2331,1607
1794,739,1663,2552,1060,1004
1795,2511,2258,89,2911,69
1796,730,2021
1797,2454,52,346,2960
1798,532,1141,1187
1799,1832,1686,429
1799,1686,429,403
1799,429,403,416,2691,418
1800,730,89,1464
1800,89,1464,2672,926,2517
1801,1670,120,1505,244
1802,1009,1340,789,349,2779
1803,1408,277,779,1703
1804,163,2554
1805,1748,1405,2521
1805,1405,2521,472
1805,2521,472,530
1805,472,530,2514
1805,530,2514,1278,1540,959
1806,970,3049,59
1806,3049,59,1199,2153,2454
1807,445,935,1809,1906
1808,1671,2182,320,1704
1809,470,803,240
1810,26,2831,87
1810,2831,87,3050
1810,87,3050,444,783,513
1811,464,2715,2965,163,214
1812,314,244,2265
1812,244,2265,1708
1812,2265,1708,1404
1812,1708,1404,478
1812,1404,478,1407,1296,2331
1813,1176,1825,2071,3051,2178
1814,1289,89,1631,2074,1778
1815,121,254,282
1816,1520,747,1012,977,2494
1817,453,868,1933
1817,868,1933,2857,1806,270
1818,1619,1130,732
1819,874,376,2794,201
1820,2739,1401,2166
1820,1401,2166,1767,1682,1982
1821,66,3011,1161,1975,709
1822,237,263,378
1822,263,378,2545
1822,378,2545,2614,1195,1805
1823,314,471,1406,277,2097
1824,780,984,568,2401
1825,136,135,26,132
1826,2639,2874,1291,2591
1827,1407,2853,319
1827,2853,319,201,2006,2419
1828,311,277,2147
1828,277,2147,263
1828,2147,263,314,473,3041
1829,66,1291,111,1040,26
1830,120,2835,1628,34
1831,1188,1411,2602
1831,1411,2602,1725,2833,1283
1832,559,565,555,10
1833,325,1049,3
1833,1049,3,440
1833,3,440,574
1833,440,574,23,1968,2107
1834,900,1270
1835,1030,32,283
1836,1130,342,532
1836,342,532,628,828,2263
1837,845,1385,1219
1838,244,1757,142
1838,1757,142,102,2457,1867
1839,32,1394,1937
1839,1394,1937,120
1839,1937,120,343
1839,120,343,2012
1839,343,2012,2348
1839,2012,2348,2589,593,1769
1840,290,363,359
1840,363,359,250,2062,423
1841,2322,3046,2832
1841,3046,2832,216,1508,577
1842,516,1084,2082
1842,1084,2082,722
1842,2082,722,1489
1842,722,1489,3010
1842,1489,3010,1429,6,34
1843,272,2998,104,271
1844,26,999
1845,210,187,1466
1845,187,1466,35
1845,1466,35,1464
1845,35,1464,2875
1845,1464,2875,1673,2364,88
1846,1046,2297,839,925
1847,1279,1280,1085
1848,369,913,1307
1848,913,1307,399
1848,1307,399,2901,2519,771
1849,2910,2548,1150,2209
1850,1365,681,315
1850,681,315,318,258,1618
1851,360,61,1008,1281
1852,3059,3060,1578
1852,3060,1578,611,495,1133
1853,769,840,177,897,1059
1854,163,1959,7
1855,3061,1714,187,176
1856,2337,1026,1027
1856,1026,1027,244
1856,1027,244,2345,855,1226
1857,1254,1914,1251
1857,1914,1251,1507,230,1108
1858,320,1023
1859,919,518,3055,225
1860,244,1008,1525
1860,1008,1525,2601,1801,718
1861,3062,57
1862,2319,1116,1107
1862,1116,1107,1427
1862,1107,1427,1885
1862,1427,1885,1475,1367,2789
1863,61,787,235,273
1864,1595,1486,695
1864,1486,695,326,409,474
1865,2065,151,985,150,697
1866,1938,301,2844,820,619
1867,944,1696,2797
1868,617,568,569,1008
1869,61,1937
1870,142,2610,789,1702,527
1871,1478,581,2206
1872,289,625,628,2830,103
1873,631,1825,310,3034
1874,1617,244,240,2979,1364
1875,887,2691,908,2231
1876,1039,1456,1113,2154
1877,1138,1449,2112
1877,1449,2112,153
1877,2112,153,887,372,3064
1878,2376,3066,3065,2674,821
1879,201,2030,1516,2682,2798
1880,2681,1829,2021,1710
1881,1908,483,671,339
1882,189,95,2506
1882,95,2506,1252
1882,2506,1252,2295
1882,1252,2295,2731,1269,862
1883,372,418,995,172,697
1884,849,201,1490
1885,1149,386,2531,338
1886,925,2561,301
1887,1020,672,320
1888,2796,306
1889,2595,3001,164
1890,32,2012,2348
1891,929,986,1377
1892,2002,1817,1379,220,211
1893,2924,2263,828,1639,600
1894,1909,284,2674
1895,2940,1581,135
1895,1581,135,327,441,1487
1896,676,2182,1271,2854,1693
1897,541,1806,41,1872,1967
1898,120,104,865
1899,1201,201,527,17,1232
1900,2598,2513,1180,2914
1901,185,854,238,2998,764
1902,3029,2895,2711,2500
1903,1026,276,608,2535,157
1904,2147,2182,2522
1904,2182,2522,2340,1271,263
1905,2035,132,970,474,1462
1906,507,2917,128
1907,201,1167,1396,2388
1908,163,137,2124
1908,137,2124,2141,444,1354
1909,689,2497,599
1910,2846,519,539,2371,670
1911,1525,320,1541,789
1912,189,737,2967,182,2822
1913,2568,1759,58,2787
1914,283,252,2826
1915,66,2808,2536,1117,2899
1916,320,908,2874,167,391
1917,2353,336,2781
1917,336,2781,456,1649,3070
1918,2344,2345,923
1918,2345,923,2720,828,2602
1919,782,2428,118,320
1920,404,2834,1283
1920,2834,1283,931,874,949
1921,1032,1438
1922,382,2792,339
1922,2792,339,874,2099,973
1923,1149,3071,2149,1827
1924,1643,717,1290,58,104
1925,244,1465,3068
1926,1928,2070,2329
1926,2070,2329,2888
1926,2329,2888,2798
1926,2888,2798,1466,1609,2346
1927,3023,1344,935,673
1928,1155,418
1929,2673,1294,572
1929,1294,572,2796,1546,239
1930,1294,1229,11
1930,1229,11,239,78,672
1931,187,189,1252,795
1932,1049,2126,1001,1203
1933,1744,2759,1563,1419
1934,189,1105,810
1934,1105,810,530
1934,810,530,120
1934,530,120,2187,3075,1717
1935,458,765,2203
1935,765,2203,1354
1935,2203,1354,696,165,134
1936,3048,2871,2308
1937,2101,2158,1324
1938,2197,777,2908,75
1939,219,878,2701
1939,878,2701,2078,2122,429
1940,808,874
1941,3077,842,61,3043,2250
1942,2915,1739,3078
1943,3079,734
1944,39,38
1945,404,2521,1938,729,922
1946,2810,496,2070
1946,496,2070,401
1946,2070,401,1021,1080,255
1947,334,381
1948,297,2950,373,132
1949,1633,1449,1152
1949,1449,1152,461
1949,1152,461,2092,3050,1631
1950,1031,1326,539,537,2315
1951,760,804,1284,1652
1952,320,1470,671,870
1953,2549,2104,285,526
1954,2948,581,1666
1955,989,26,112
1955,26,112,368,1118,639
1956,250,2868,778,1403
1957,277,1540,2531
1957,1540,2531,378,1276,2169
1958,152,440
1959,617,3081,1254
1959,3081,1254,2323,2515,3052
1960,341,338,2388,201
1961,1659,1006,1444
1961,1006,1444,1452
1961,1444,1452,3076,7,742
1962,2620,422,580
1963,1002,1001
1964,201,1234,897
1965,274,320,307
1966,320,2519,201
1967,771,526,495,148
1968,250,929,984,2701
1969,158,383,277
1969,383,277,1401,1795,1408
1970,1853,995,973
1970,995,973,1243
1970,973,1243,1108
1970,1243,1108,2301
1970,1108,2301,96
1970,2301,96,1854
1970,96,1854,2914
1970,1854,2914,26,678,1663
1971,1626,120,1198,148,789
1972,138,2653
1973,1168,1132,599
1973,1132,599,2038,907,1912
1974,148,141,2349,147,527
1975,1647,1325,2238
1975,1325,2238,2929,1394,2106
1976,1007,227,2946
1977,336,224,2519,448,201
1978,258,667
1979,2339,944,1641
1980,2901,733,1245
1981,1895,2790,1606
1981,2790,1606,1784
1981,1606,1784,1155
1981,1784,1155,1604,1478,137
1982,1860,2991,2226,986
1983,1523,2309,2383,692
1984,3083,874,2137,304,277
1985,221,201,949,246,623
1986,235,320,402,225,2781
1987,201,2068,296
1987,2068,296,244,360,1291
1988,846,1732,1291,1720
1989,32,1656,498
1990,1261,219,2648,1165
1991,2798,2613,1274,766,3084
1992,2859,552,2862
1992,552,2862,2210,1739,2723
1993,1088,3013,1745,2916,128
1994,1468,2156,268,768
1995,477,420,889
1996,3007,2575,2726
1996,2575,2726,437,438,1161
1997,1330,62,61
1997,62,61,2387
1997,61,2387,2747,1388,1589
1998,429,1020,1497,629,806
1999,1149,334,462,404,381
2000,1857,367,1497,2789
2001,1042,95,2499,2080
2002,2376,2377,2879,2502
2003,579,576,1261,577
2004,382,2523,1601
2005,1778,1788,1487,103,91
2006,136,454,368
2006,454,368,578,2488,104
2007,2714,2453,393,1615
2008,731,1197,388,201,2545
2009,3087,2656,144,2855
2010,984,295,1464
2010,295,1464,1261,66,427
2011,3001,163,1447
2012,2814,2480,3077,3060
2013,391,579,541
2013,579,541,2599,149,2127
2014,2116,1973,154,666,2843
2015,1049,180
2016,320,949,1101,675
2017,3080,2775,448,336,339
2018,2596,275,973,839,709
2019,687,507,866
2020,3089,1102,2041
2021,440,225
2022,626,2146,1187
2022,2146,1187,2809
2022,1187,2809,2587
2022,2809,2587,1630
2022,2587,1630,2188,1390,1331
2023,286,111,96
2023,111,96,1210,1376,1372
2024,3090,2507,918,2566,674
2025,759,2338,2481
2025,2338,2481,1805,1540,2443
2026,838,244,1014,1931
2027,1228,3058,2267
2027,3058,2267,32,198,2016
2028,472,250,1765
2028,250,1765,531
2028,1765,531,1725,843,2330
2029,1291,136,173
2029,136,173,1258,1847,2374
2030,413,409,884
2030,409,884,2620,2453,2980
2031,136,1442,434,135,2125
2032,2490,1644,465
2032,1644,465,2204
2032,465,2204,3032,1944,791
2033,671,46,40
2033,46,40,1628
2033,40,1628,962,353,1802
2034,709,2627,2735,214
2035,951,1291,62
2036,1362,296,2276
2036,296,2276,1550,88,416
2037,3013,2576,1305,2681,2803
2038,748,2579
2039,244,85,132,1487,2518
2040,530,1434,266,32,527
2041,219,2141,2413,1662,372
2042,111,579,581
2042,579,581,2116
2042,581,2116,326,5,63
2043,66,2124,1771
2043,2124,1771,1533,1852,1367
2044,3093,106,2885
2044,106,2885,2205,1427,1155
2045,379,1285,1401,277,312
2046,36,2932,705,484
2047,2073,2715,145
2047,2715,145,2039,1615,2965
2048,754,840,841,2727,708
2049,696,476
2050,794,2529,2245
2050,2529,2245,2676,895,926
2051,189,1588,797,2973,1589
2052,2091,1626,120,525
2053,1662,2709,2970,3028,939
2054,2984,2442
2055,1401,1703
2056,617,111,1933
2056,111,1933,2622
2056,1933,2622,368
2056,2622,368,390
2056,368,390,737,1240,115
2057,1647,251,865,1233
2058,111,3042,2831,2316,2868
2059,61,2535,244,840,909
2060,1501,1154,852,420
2061,1860,460,666,214
2062,2823,1752,2329
2062,1752,2329,847,1298,1552
2063,1250,3097,2208,498
2064,910,1881,57,2575
2065,203,3059,19,1493
2066,224,1330,1821
2066,1330,1821,1622,1373,235
2067,224,277,1028
2067,277,1028,1861,1370,11
2068,1069,2115,926
2068,2115,926,314
2068,926,314,2804
2068,314,2804,2375,1146,1644
2069,2693,465
2070,337,121,625,142
2071,1591,183,42
2071,183,42,830,132,516
2072,66,769,688,1771
2073,104,580,2549,414,616
2074,2668,2657
2075,835,346,1903,2153,2517
2076,471,405,1405,2531,621
2077,1618,250,1717,283
2078,288,393
2079,590,1551
2080,793,2473,2983,1858
2081,264,1069,191
2081,1069,191,201
2081,191,201,653
2081,201,653,3023
2081,653,3023,282,104,200
2082,553,163,852,737,2903
2083,96,2456,2863,3005
2084,2425,2687
2085,1624,2691,1442,461,2997
2086,2039,189,2383,194
2087,1349,1150,102
2087,1150,102,1722,2042,1866
2088,1055,2084,1291,2400,1236
2089,2812,106,2566,75
2090,1188,58,2565,24
2091,2904,1286,448,671
2092,1152,1449,2790,372
2093,2567,43,789
2094,346,1032,2752,1084
2095,1411,163,2082,136
2096,925,1941,459
2096,1941,459,2614,1478,1170
2097,372,10,1738,1112,2806
2098,1648,2379,1498
2098,2379,1498,1929,1406,1697
2099,840,59,66,187
2100,1597,1625,2563
2100,1625,2563,220,225,11
2101,244,1817,976
2101,1817,976,336,944,335
2102,189,1269,22,177,2490
2103,2076,193,66,1678
2104,737,2411,553,1116,1511
2105,1008,247,1421,714,2738
2106,1545,296,2290,3100
2107,198,32,1091
2108,530,2589,1075
2108,2589,1075,2654,1502,1089
2109,2557,1955,335,2451,416
2110,264,2979,324,258,283
2111,277,160,1704
2112,1473,3039,516,1195,262
2113,1961,1417,2407
2113,1417,2407,224
2113,2407,224,1415
2113,224,1415,973
2113,1415,973,390,238,1857
2114,3042,219,372,336
2115,1269,769,1993,1579,514
2116,462,544,1610
2116,544,1610,2219,1102,104
2117,120,2147
2118,44,106,1404,2243
2119,921,1581,2750
2119,1581,2750,233,317,201
2120,2988,2114,496,2558
2121,545,1076,2751,844,2340
2122,120,585,833,141,1820
2123,461,458,9,459,1152
2124,471,263,277
2124,263,277,1703
2124,277,1703,44,2423,675
2125,468,1796,420,1696
2126,258,2522,1540,470
2127,2281,908,320
2127,908,320,1546,31,1143
2128,61,842,949
2129,1240,1000,66,2625
2130,2944,106,2814,201,2458
2131,1571,1678,89,2018
2132,1972,31,2328
2133,1149,2752,2030
2133,2752,2030,1652,372,1956
2134,1763,250
2135,1321,158,920
2135,158,920,1881,2846,2406
2136,244,1522,296
2136,1522,296,360,859,3057
2137,3061,1654,2315,1132
2138,3073,91
2139,2989,1883,2867,660
2140,192,2346,1514
2141,621,759,1218,1751
2142,1092,2901
2143,36,892,2731
2143,892,2731,186
2143,2731,186,3091,1482,2461
2144,258,472,277,424
2145,141,1951,148,526,3024
2146,1738,3103,214,693
2147,1565,293,792,189,1115
2148,43,1817,973,118,2610
2149,163,2191,1853,394,165
2150,833,1168,195,1912
2151,120,593,2349
2151,593,2349,346
2151,2349,346,1330
2151,346,1330,1716,2457,2517
2152,2473,189,2672
2152,189,2672,95,893,2356
2153,2513,2598,2912,3037
2154,244,1119,1228
2154,1119,1228,1223
2154,1228,1223,2032,23,1940
2155,2295,2803,36
2155,2803,36,504
2155,36,504,48,2597,38
2156,224,35
2157,1007,777,361,1908,240
2158,1514,1065,460
2158,1065,460,1025,696,929
2159,225,2251,244
2159,2251,244,224,766,1896
2160,250,2039,211
2160,2039,211,763,1622,1696
2161,120,1744,1309
2161,1744,1309,142
2161,1309,142,1493,17,1495
2162,2724,702,704,2382
2163,1804,61,745
2163,61,745,596,1806,238
2164,2318,1442,876,1934,1137
2165,700,372,1450
2165,372,1450,1551,2709,1265
2166,372,219
2167,1405,314,1406,401,470
2168,1572,1525,2330,104,58
2169,664,1550,1805,1353,1686
2170,480,671,1150,1137
2171,201,1886,304,941,1649
2172,1477,401,1784
2172,401,1784,1533,1171,2936
2173,2780,2133,1597
2173,2133,1597,219,398,2799
2174,2654,859,2894
2175,66,2607,58
2175,2607,58,187,64,2045
2176,393,2914,1107
2176,2914,1107,1921
2176,1107,1921,692,3047,26
2177,2195,2194,1412,2409
2178,507,1829,796
2178,1829,796,95
2178,796,95,189,775,2926
2179,2866,2204,598,2795,2872
2180,803,1321,233
2180,1321,233,520,94,539
2181,1330,1273,320,2889
2182,2044,968,891
2182,968,891,593
2182,891,593,901
2182,593,901,244,2189,688
2183,1247,3007,1605
2183,3007,1605,73,2773,2791
2184,856,1356,336,2695,761
2185,1330,1215,1961,225,1376
2186,644,224,1050
2186,224,1050,1509,2365,428
2187,869,277,471
2187,277,471,2166,2235,1370
2188,1298,1690,1606,163
2189,522,3039
2190,1412,1098,635
2190,1098,635,3065,1576,104
2191,1175,2912,342,214
2192,2375,841,2330
2192,841,2330,840
2192,2330,840,925
2192,840,925,2267
2192,925,2267,2455
2192,2267,2455,1713,1570,769
2193,1717,199,346
2193,199,346,638,1309,2627
2194,782,1290,1006
2195,379,1401,2758
2195,1401,2758,570,672,2169
2196,812,531,2361
2197,837,2370,1536
2198,523,401,867,1776,2718
2199,1883,369,336,416,1884
2200,793,2296,3058,181
2201,2970,164,163
2201,164,163,579
2201,163,579,639
2201,579,639,417,1621,390
2202,2308,136,1258,1998,731
2203,3105,391,2098,2077,1487
2204,1350,1353,799
2204,1353,799,1784,1497,2203
2205,670,2964,263,2166
2206,320,1705,341,2100
2207,1149,538,636,2545
2208,163,1511,391,325
2209,877,735
2210,360,1700,2946,911,226
2211,187,2210,2639
2211,2210,2639,210,2912,2863
2212,66,2617,224
2212,2617,224,830,1568,32
2213,1007,315,314
2214,1220,2984,211
2214,2984,211,224,2578,1762
2215,32,339,2669,304,2865
2216,1179,390
2217,89,1737
2218,2611,979,1919,2976,2387
2219,251,2296,1389,505,66
2220,796,793,189
2220,793,189,2672
2220,189,2672,794,797,95
2221,940,2563,78,1550
2222,44,752,2087
2223,1238,2317,2125,552
2224,895,2672,897
2225,1207,1377,428,456,2476
2226,803,2555,15,2365
2227,207,372,699,2934,91
2228,1561,662,496,2219
2229,14,940,75,230
2230,136,173,135,1258,1847
2231,1935,1247,973,1251
2232,1579,522,230
2232,522,230,716,224,305
2233,1282,626,1266
2233,626,1266,1723,2355,2332
2234,535
2235,400,2339,2966
2235,2339,2966,779,442,76
2236,3016,926,1147
2236,926,1147,1512,232,785
2237,1704,470,1564
2237,470,1564,277,120,1422
2238,440,697,2490,2026,1813
2239,61,225,938
2239,225,938,235,2387,2995
2240,1704,375,1374,470,1007
2241,2147,1055,3107
2241,1055,3107,3039,765,1157
2242,61,1218,545,1947
2243,250,93,831,260,300
2244,1088,3075,120,530
2245,1355,1022
2246,1247,2969,1921
2247,2722,2380,320,874,314
2248,469,949,456,287
2249,2344,681
2250,1839,221,3041
2251,1947,780
2252,2833,2326,2485,1518,1725
2253,2377,1540,1045,120,1871
2254,1149,383,320
2254,383,320,338,341,1601
2255,104,1065
2256,1067,1839,376
2256,1839,376,2524
2256,376,2524,377
2256,2524,377,2315,2458,3070
2257,2190,625,2189
2258,784,1453,156,1361
2259,2340,1212,2171
2260,1226,59,1474
2260,59,1474,2765,120,141
2261,1111,2343,274
2261,2343,274,1247
2261,274,1247,1550,692,1935
2262,61,2844,1011,243
2263,3107,320,258
2264,2353,949,369,2315
2265,2814,314
2266,225,2428,320,1610,2261
2267,2709,939,3099
2268,2576,1526,201
2268,1526,201,148,2651,464
2269,519,1374,1637,523
2270,129,120,625,1907,2333
2271,1232,2100,2936,1326
2272,1327,2453,422
2272,2453,422,682,66,953
2273,853,1474,2258
2273,1474,2258,595,2329,2615
2274,1619,81,1401,930
2275,1011,201,762,1226
2276,372,219,373,229
2277,375,277,1401,462,58
2278,543,2615,2883
2278,2615,2883,2010,2610,2851
2279,89,296,2902
2279,296,2902,1984
2279,2902,1984,2056
2279,1984,2056,361
2279,2056,361,2701,2922,1550
2280,2833,320,2889,213,1697
2281,244,480,320,2655
2282,201,320,337,1610
2283,530,2240
2284,360,1938,1379,670
2285,132,2416,395
2285,2416,395,739,2939,615
2286,461,964,827,2940,1550
2287,2330,2495,2340
2287,2495,2340,1411
2287,2340,1411,2583,250,1518
2288,104,2000,1883,1244
2289,136,173,1258,1847
2290,2706,2881,2500,210,23
2291,187,1702,58
2291,1702,58,24
2291,58,24,72,2457,2528
2292,3081,1255,36,2599
2293,2055,1413,462
2293,1413,462,1438,1697,3078
2294,576,66,2770,736,2016
2295,2329,2911
2296,2845,2075,1992
2297,2601,445,2915,1362,2678
2298,2011,2816,1328
2299,171,429,433
2299,429,433,80
2299,433,80,214
2299,80,214,132,2186,579
2300,538,3062,2813,944,382
2301,935,2366,245
2301,2366,245,3108,2111,3087
2302,860,1091,526,1099,84
2303,2230,1786,1115
2303,1786,1115,2611,2700,477
2304,201,779,1463,1783,79
2305,296,1597,2734,2655
2306,773,1168,100,260
2307,137,726,1116,163,1729
2308,2307,1106,2462,393,1707
2309,453,1807,1808,799
2310,1974,2258,2259
2310,2258,2259,2458
2310,2259,2458,420
2310,2458,420,1001,2488,567
2311,1722,1474,1390
2311,1474,1390,102
2311,1390,102,1757,1093,2498
2312,136,522,416,1576,78
2313,2765,1104,219,1644,2923
2314,120,346,1087
2314,346,1087,35
2314,1087,35,32,2457,498
2315,304,2957,3022,751
2316,1226,23
2317,2277,2201,237
2317,2201,237,1290
2317,237,1290,2138,823,1293
2318,483,137,3073,1006,1624
2319,456,3018,1380
2319,3018,1380,1647,2946,590
2320,1530,1192,106
2321,1449,153,2112,2362
2322,2142,1187,1721
2322,1187,1721,283
2322,1721,283,961,2352,1954
2323,2988,2764,131,2515
2324,2241,1612,1864
2324,1612,1864,2422,214,2645
2325,1119,1421,1621,893
2326,579,1933,1873
2326,1933,1873,746
2326,1873,746,2771,1872,1368
2327,2900,35,1711
2327,35,1711,3091
2327,1711,3091,2461,1811,85
2328,141,67,2045
2328,67,2045,1746,2328,109
2329,1901,625,2314,231
2330,49,2587,1744
2330,2587,1744,2835
2330,1744,2835,1328
2330,2835,1328,2295
2330,1328,2295,2588,1082,1094
2331,391,579,1586
2331,579,1586,132,957,368
2332,1107,2064,485
2332,2064,485,2269,2489,1048
2333,2088,2851,1228,512,2519
2334,1122,2560,3110,1218,1012
2335,2867,964,2101
2335,964,2101,465,2325,2865
2336,1899,462,2019,79
2337,1222,2296,2012
2337,2296,2012,3015
2337,2012,3015,1531,2295,2896
2338,1258,325
2339,61,244,1086,586
2340,420,219,784,1738
2341,334,301,1149,322
2342,1530,1420
2343,637,585,583,529
2344,530,141
2345,2621,1220,575,2620
2346,2829,1338,2117
2346,1338,2117,2438,886,1120
2347,401,1727,2908,2135,2136
2348,2719,2342,2861,2340,357
2349,420,1003,879
2349,1003,879,1447,1846,3001
2350,1010,856,530,49,2046
2351,62,283,961,2498
2352,1050,2875,2914
2353,1742,1189,3112
2353,1189,3112,46
2353,3112,46,40
2353,46,40,1464
2353,40,1464,1032,661,984
2354,2780,120,711
2354,120,711,1105,1199,2173
2355,1330,2236,208,2403
2356,3108,1356,1230,973,755
2357,36,64,68
2357,64,68,31,1919,2242
2358,1245,2074
2359,1008,2342,841,244
2360,671,137,1805,2205,1613
2361,606,1204,1254
2361,1204,1254,1202
2361,1254,1202,952
2361,1202,952,749
2361,952,749,2621,422,1240
2362,2363,2827,2653,1060
2363,201,2142
2364,1623,1549,1622
2364,1549,1622,515,965,219
2365,2935,401,1078,3032
2366,996,575,1126
2366,575,1126,499,1772,2625
2367,3085,89,2249
2367,89,2249,10
2367,2249,10,214,995,699
2368,2627,1301,3078,2359
2369,376,277,3098
2369,277,3098,136,239,1258
2370,245,219,420,2116,3113
2371,120,968,1428
2371,968,1428,346
2371,1428,346,35
2371,346,35,353
2371,35,353,56
2371,353,56,343
2371,56,343,128
2371,343,128,350,1041,3114
2372,1803,1345,593
2372,1345,593,651
2372,593,651,2609,52,1746
2373,539,520,62,3107
2374,677,1067,871
2374,1067,871,275
2374,871,275,679
2374,275,679,378,404,224
2375,201,1522,2683
2376,2841,383,2148
2377,1443,433,3079
2377,433,3079,163
2377,3079,163,164,1876,219
2378,861,72,1297
2378,72,1297,22
2378,1297,22,330
2378,22,330,95
2378,330,95,29,75,76
2379,1291,2868,372
2379,2868,372,450,2657,2525
2380,88,163,965
2380,163,965,1729
2380,965,1729,167
2380,1729,167,1088
2380,167,1088,139,1400,538
2381,2733,3078,2230
2381,3078,2230,1253,3115,2499
2382,2329,106
2383,305,2103,2458
2383,2103,2458,1019,401,1923
2384,2471,644,212
2384,644,212,1234,2139,2276
2385,1856,139,2158,1959
2386,1041,2906
2387,2541,163,1849
2387,163,1849,1049
2387,1849,1049,1001
2387,1049,1001,1603
2387,1001,1603,2800,417,1836
2388,1798,27,2394
2388,27,2394,1033
2388,2394,1033,2684,238,986
2389,590,1695,277,1981,1228
2390,679,1406,670
2390,1406,670,3116,232,2170
2391,1595,2737,696,2601,853
2392,570,1992,106
2392,1992,106,1001,6,2499
2393,1400,2525
2394,90,2986,335,1043
2395,888,1686,2205
2395,1686,2205,1985,954,2584
2396,1697,1550,78
2396,1550,78,1756,804,2388
2397,2453,1853,576
2397,1853,576,1854,410,2620
2398,1358,679
2399,210,1647,1565,730
2400,2254,2060,58
2400,2060,58,1223,3044,840
2401,167,85,1173,2595,1323
2402,163,1666,1613
2402,1666,1613,1532
2402,1613,1532,1241
2402,1532,1241,1052
2402,1241,1052,2903
2402,1052,2903,3056
2402,2903,3056,368
2402,3056,368,2553
2402,368,2553,390,1605,1368
2403,2580,66,1806,451
2404,2733,1078,2574
2405,594,59,1297,1041
2406,2000,2186,3091,393,28
2407,2552,1959,1052
2408,1597,320
2409,245,1769,1722,2550
2410,470,58,258,3117,23
2411,3082,709,235,402
2412,3118,1899
2413,2467,2075
2414,398,1297,692
2414,1297,692,1622
2414,692,1622,1728,2205,2526
2415,1768,32,686
2415,32,686,2144
2415,686,2144,498
2415,2144,498,1166
2415,498,1166,1770
2415,1166,1770,48,626,2689
2416,1508,1247,1368,889,2118
2417,163,1622,403
2417,1622,403,1876
2417,403,1876,3031
2417,1876,3031,1001,1472,2218
2418,1091,527,269,2479,495
2419,828,1115,336,214,3067
2420,1152,372,2548,91
2421,120,1268,2530
2421,1268,2530,2508
2421,2530,2508,1270,897,1565
2422,61,1366,2846,2240,1252
2423,276,2102,978,61,247
2424,829,3119,939
2424,3119,939,161
2424,939,161,1240,938,219
2425,141,2352,1092
2425,2352,1092,1677,2609,1345
2426,1634,420,3120,1317
2427,216,1420,910,173,1258
2428,983,473,2757
2429,106,59,639,2541,1423
2430,20,3087
2431,159,1291,942,277
2432,2690,1841,1600
2433,1068,2877
2434,1779,2224,940
2435,1088,126,148,222
2436,2320,250,551
2436,250,551,1247,1719,139
2437,1735,288,1323
2438,1706,335,2767
2439,580,1180,2945
2440,718,1057,2176,2315,328
2441,688,57,2477
2441,57,2477,120,1092,682
2442,113,429,420
2443,104,754,1426
2444,2622,1932,2621,1367
2445,1092,268,126,288,142
2446,22,2949,1317
2446,2949,1317,1719,104,357
2447,1787,1026,2814,3121,245
2448,923,1461
2449,1686,2970,163,372,10
2450,1085,1253,2777,1333,786
2451,2495,187,944,2883,290
2452,120,2670
2453,2070,2061,341
2453,2061,341,1900,2136,1190
2454,3110,336,925
2454,336,925,2097,300,27
2455,1389,2004,599
2455,2004,599,1132,267,1568
2456,2532,2560,1551,163
2457,390,214,879,570,3120
2458,244,853,1678,570,1969
2459,422,613,3052
2459,613,3052,1000,2542,1202
2460,1532,606
2461,1964,2730,89,3008
2462,2410,2411,1885
2462,2411,1885,1352,419,1854
2463,532,769,349,1032
2464,120,1912,2597
2464,1912,2597,2711,2146,2480
2465,2598,1945,219,91,1897
2466,136,2073,578,3123,2604
2467,2302,1052,1921,1707
2468,929,301,1712,1984,3101
2469,755,104,775,1705,5
2470,1273,173,1258
2470,173,1258,1847,944,2378
2471,214,333,61
2471,333,61,3112,2502,1012
2472,721,1263,1742,2255,657
2473,32,490,1677,52,1870
2474,136,173,1258,1847
2475,485,3021,226,235
2476,258,1455,668,245
2477,1257,2822,2839
2477,2822,2839,69
2477,2839,69,440
2477,69,440,541,1001,2542
2478,794,3058,2463,1565,1411
2479,3102,3008,1338,1529
2480,2953,1491,236,1765,1411
2481,35,1291,2037,106
2482,163,1684,1685
2482,1684,1685,1442
2482,1685,1442,3099,941,1170
2483,250,66,839,2672
2484,1116,734,137
2484,734,137,1001,1476,1603
2485,3113,1957,2873,2791
2486,1921,1242,419
2486,1242,419,1796,1788,1444
2487,717,244,867
2487,244,867,1474,1464,1558
2488,2832,2496,610,2503,2960
2489,1152,1338,134,219,1144
2490,859,141,1331
2491,1152,219,420,1499,2997
2492,120,761,282,2711,2505
2493,735,2688,247,769
2494,2364,2761,422,2378
2495,1465,1471,929,2633,2241
2496,1655,530,120,1074,2452
2497,1569,2822,893
2497,2822,893,346
2497,893,346,224
2497,346,224,189
2497,224,189,897
2497,189,897,867
2497,897,867,195
2497,867,195,36
2497,195,36,1561
2497,36,1561,1485
2497,1561,1485,300,60,399
2498,1603,1049
2499,1523,1609,2986,1400,504
2500,39,2774,1622
2500,2774,1622,421,2665,79
2501,28,670,2120,2383,1235
2502,1338,2362,372
2502,2362,372,666
2502,372,666,1053,647,1172
2503,120,2809,686
2503,2809,686,2477,2587,2589
2504,1082,3114,1520,2499
2505,463,1861,224,2963
2506,2253,3044,928
2506,3044,928,1900,104,1163
2507,251,2267,1268,2755,2983
2508,27,752,1579,349,255
2509,859,1914,324,2853
2510,336,224,538,469
2511,152,1338,1378
2511,1338,1378,340,1139,163
2512,2009,120,1870
2512,120,1870,2469,2452,3104
2513,926,3096,1162,2310
2514,466,235
2515,2376,114,1417,2291
2516,2769,2214
2517,125,1889,1268
2517,1889,1268,515,1568,29
2518,163,2997,826,336
2519,579,132,195
2519,132,195,840
2519,195,840,581,391,1835
2520,1519,1254
2521,638,128,343,55,2240
2522,2943,296,304,551,1962
2523,73,397,106
2524,368,1052,7
2524,1052,7,1242
2524,7,1242,23
2524,1242,23,579,1368,1034
2525,731,1019,2432
2526,1707,551,3053,1243,1247
2527,1984,2056,825,805,76
2528,59,1428,642
2528,1428,642,398
2528,642,398,1860
2528,398,1860,1736,2723,1607
2529,158,1069,120
2529,1069,120,141
2529,120,141,250,754,1092
2530,420,2549,2791,1247
2531,94,57,2400,2638
2532,9,1622,396,219,888
2533,1247,390,579
2533,390,579,851
2533,579,851,2897,1248,438
2534,253,2141,1661
2535,1523,893,244
2535,893,244,2014,1464,2665
2536,58,75,1102,788
2537,148,2601,723,1181,785
2538,530,1952,531
2538,1952,531,344
2538,531,344,346,23,111
2539,779,1732,302,58,2671
2540,2148,1288,2841,1751
2541,722,3010,2458,328
2542,2407,1507,1049,550,1238
2543,120,141,1628
2543,141,1628,58,1333,1000
2544,2531,2794,58
2545,540,542,541,3093,1151
2546,152,24,2544
2546,24,2544,895,2449,1474
2547,360,2778,841
2548,245,2882,90,675
2549,1426,358,1570
2550,456,235,591,289,921
2551,2794,625
2552,1565,2264,188,3015
2553,2587,2588,2689
2553,2588,2689,2835
2553,2689,2835,2375
2553,2835,2375,686
2553,2375,686,2187
2553,686,2187,1745
2553,2187,1745,343,96,67
2554,167,735,2800,373
2555,163,2405,136,2117
2556,264,1007,1938
2556,1007,1938,1837,1188,1291
2557,1952,1814
2558,172,165,2971,1320
2559,1037,2082,224,2094,64
2560,1612,2304,2631
2561,1551,66,279,1625
2562,226,915,201
2562,915,201,843,1167,235
2563,383,1386,2944
2563,1386,2944,1748
2563,2944,1748,1839,353,1893
2564,2502,120,1199,1187,2146
2565,2771,137,1959,2773
2566,244,839,35
2566,839,35,2360,2562,1922
2567,167,1006,1676,165
2568,783,2886,372
2568,2886,372,164
2568,372,164,692
2568,164,692,1116
2568,692,1116,1872
2568,1116,1872,826
2568,1872,826,2465,1324,697
2569,581,371,2553,1605
2570,680,1190,1800
2571,214,244,210,504
2572,290,373,640
2572,373,640,2075
2572,640,2075,3050,2657,1736
2573,531,815,1087
2573,815,1087,638,220,1460
2574,3125,293,2588,1178,20
2575,2200,769,1426
2575,769,1426,1269
2575,1426,1269,755,58,423
2576,66,941
2577,1612,1812,1973,694,704
2578,61,1281,320
2578,1281,320,840
2578,320,840,1597,1528,2334
2579,2329,2204,2885,393
2580,245,498,79,1090,120
2581,2880,429,1464,118
2582,1443,167,1945,104
2583,1508,699,1964,3035
2584,1570,1697,247
2585,1060,692,739,750,134
2586,440,735,1240,1478,1854
2587,398,1297,1734,1898,79
2588,2246,2795,258
2588,2795,258,244,1919,1341
2589,2061,874,2091,17
2590,679,1577,1541
2590,1577,1541,1725,1601,669
2591,2941,2130,1171,1477,2303
2592,2549,2776,1850
2592,2776,1850,2319,1497,2640
2593,1388,307,1210,270
2594,2549,2645,2905
2595,2840,1662,3028,941
2596,89,171,7,1001
2597,401,717,424,2783
2598,1023,341
2599,188,251,792
2599,251,792,187,865,70
2600,719,2096,333
2600,2096,333,775,1677,929
2601,1898,3026,91
2601,3026,91,3074
2601,91,3074,3073,1939,692
2602,2369,3126,304,92
2603,687,2464,797,1209
2604,2481,984,75,713
2605,2818,536,710,2987,289
2606,263,2944,3009,2697,1290
2607,1965,2211,297,954,2892
2608,2605,544
2609,833,1552,32
2609,1552,32,490
2609,32,490,627
2609,490,627,835
2609,627,835,1493,2987,630
2610,3103,1878
2611,2735,2348,688
2611,2348,688,1743
2611,688,1743,2689
2611,1743,2689,67
2611,2689,67,2836,894,2588
2612,1368,330,2301,31,1242
2613,2636,187,189
2613,187,189,1392
2613,189,1392,2896
2613,1392,2896,2295,2755,1565
2614,251,795
2615,1933,692,167,2159
2616,1914,626,141,1558
3,15,14,11,13,12
14,23,116,115
14,116,115,113
14,115,113,114
14,113,114,108
14,114,108,118,112,105
43,311,320,317,314,316
63,448,447,446,450,449
107,697,693,10
107,693,10,695
107,10,695,691
107,695,691,692,699,698
140,50,835,834,830,836
145,58,867,866
145,867,866,177
145,866,177,187,865,863
148,880,373,882,881,883
161,940,951,950
161,951,950,949,947,948
175,1009,1011,1010,1012,1013
193,9,460,18,458,1071
222,309,1175,1132,599,1174
226,66,1082,1183
226,1082,1183,628,1033,1184
254,1277,1274,1231
254,1274,1231,1276,464,1275
264,235,904,667,1314,1313
313,104,1480,187,131,1479
320,485,63,486
320,63,486,925,1491,1492
336,44,1562,1561,769,1560
341,1068,1575,1232,1576,1072
343,244,752,1579
343,752,1579,1339
343,1579,1339,1581,349,1580
346,293,235,1523
346,235,1523,1595
346,1523,1595,1597,1114,1596
409,1189,1570,1783
409,1570,1783,454
409,1783,454,661,290,355
451,82,1866,1865
471,1474,1919,1856,948
482,1626,530,1757
482,530,1757,120
482,1757,120,1565
482,120,1565,793,1937,1573
485,576,1944,1308,1945,1942
495,1965,1511,1244
495,1511,1244,1964
495,1244,1964,1813,1737,1963
514,1188,674,972,1998,1560
516,624,148,2004,536,2003
521,2014,1434,399,2015
549,1121,54,1870
549,54,1870,343,142,2072
561,2091,777,2092
561,777,2092,848,2090,492
576,1007,1916,1751
576,1916,1751,1365,1358,2128
593,1199,2156,536
593,2156,536,1134,282,1503
598,2168,258,1401
598,258,1401,1376,2169,2167
613,1933,205,163,2191,1071
633,1498,411,390
633,411,390,1475
633,390,1475,1729,214,1943
636,1428,1935,1453
636,1935,1453,288,208,2233
642,1815,1644,133
676,320,480,802
676,480,802,470
676,802,470,233,2305,12
701,1837,245,1272
701,245,1272,2344
701,1272,2344,2345,828,2128
705,277,472,1563
705,472,1563,1402
705,1563,1402,2192,132,1830
723,754,1421,769
723,1421,769,820
723,769,820,1456,1339,1077
727,2385,1181,1082,2386,927
748,1597,156,168
748,156,168,250
748,168,250,163,2419,2418
751,1155,2422,394
751,2422,394,372
751,394,372,1661,137,2421
757,201,1500,10
757,1500,10,1741,214,1275
824,605,2516,615,422,105
852,163,391,1446,941,1730
858,224,1016,238
858,1016,238,2558,416,2556
869,570,2165,205
869,2165,205,2382,702,2570
885,422,86,1854
885,86,1854,1058
885,1854,1058,2584,413,2585
939,89,1857,2160
939,1857,2160,602
939,2160,602,2504,1788,2646
943,984,1798,1580
945,1149,462,320,2650
954,221,2658,1314,1869,1174
957,2254,235,2214,1707,2661
993,1766,128,1092
993,128,1092,2268
993,1092,2268,1330
993,2268,1330,346,2505,2539
996,1338,1152,1449,153,2113
1000,218,2388,136,173,2288
1002,1809,59,745
1002,59,745,1926,336,2696
1023,201,400,120,533,1174
1049,1172,1853,372
1049,1853,372,826
1049,372,826,886,671,2646
1053,320,293,2734
1053,293,2734,2060,1265,2202
1060,1223,2637,509
1060,2637,509,106
1060,509,106,897,68,1667
1075,1254,699,2741,1425,955
1100,2762,323,1760
1100,323,1760,1470,335,2763
1130,210,2776,219,2325,2227
1142,1751,223,1560
1151,2277,942,337
1151,942,337,1078
1151,337,1078,1581
1151,1078,1581,2061,929,12
1174,2468,699,2806,1673,1071
1189,424,1574,867
1189,1574,867,513,2219,1414
1198,571,1688,2820
1212,774,624,1871,1174
1240,636,2848,62
1240,2848,62,2779
1240,62,2779,336,2172,2849
1249,1704,1207,1275
1253,1225,244,880
1253,244,880,2858,763,992
1261,1637,62,2308,1157,2860
1271,1864,319,2307
1271,319,2307,1683
1271,2307,1683,1697,1528,355
1282,127,1121,2189
1282,1121,2189,120
1282,2189,120,532
1282,120,532,266
1282,532,266,140
1282,266,140,2490
1282,140,2490,2505,2692,1174
1308,1510,2788,1397,1661,1877
1337,417,1006,1116
1337,1006,1116,163,2247,2891
1347,986,1447,1813
1347,1447,1813,2897,2191,2898
1349,2323,67,593
1349,67,593,1345
1349,593,1345,1930,34,2856
1359,132,1733,2768
1379,244,82,2162
1379,82,2162,2660,84,1125
1385,245,585,20,2894,2920
1469,1579,2957,244,2958
1473,2477,2816,2835
1473,2816,2835,2348
1473,2835,2348,32
1473,2348,32,2146
1473,32,2146,1328
1473,2146,1328,1390,257,685
1491,10,1337,475,1324,2569
1554,1539,1412,870
1554,1412,870,471
1554,870,471,1881
1554,471,1881,1948
1554,1881,1948,462
1554,1948,462,871
1554,462,871,239
1554,871,239,1404
1554,239,1404,2702,59,2603
1565,2367,766,118,2915,2227
1579,833,2818,120
1579,2818,120,1121
1579,120,1121,2692,123,2920
1605,3005,391,420
1605,391,420,2806
1605,420,2806,415,850,133
1611,1870,1677,2870
1623,668,470,301
1623,470,301,845
1623,301,845,2904
1623,845,2904,1541,2451,916
1630,3010,1773,2234
1630,1773,2234,1253
1630,2234,1253,3006,2928,2856
1632,244,1742,246,2596,2570
1645,472,731,2502
1645,731,2502,2716,2030,392
1685,1476,697,2791
1685,697,2791,3026,1958,1882
1693,226,2208,235
1693,2208,235,456,1806,3030
1696,570,1247,1921
1696,1247,1921,692
1696,1921,692,1051
1696,692,1051,2302
1696,1051,2302,1248
1696,2302,1248,167,79,2072
1698,462,679,277,2968,1830
1745,277,539,462
1745,539,462,3039,1055,2083
1747,2141,1368,2600
1747,1368,2600,1424
1747,2600,1424,1323
1747,1424,1323,570
1747,1323,570,514,2951,2300
1763,219,390,2718,1262
1778,132,1035,2964
1778,1035,2964,2774
1778,2964,2774,973,724,3045
1780,372,219,2691
1780,219,2691,3040,1116,1810
1797,2454,52,346,2960,969
1824,780,984,568,2401,3054
1840,290,363,359
1840,363,359,250
1840,359,250,2062,423,2274
1852,3059,3060,1578
1852,3060,1578,611
1852,1578,611,495,1133,2958
1857,1254,1914,1251
1857,1914,1251,1507
1857,1251,1507,230,1108,2856
1864,1595,1486,695
1864,1486,695,326
1864,695,326,409,474,3030
1866,1938,301,2844
1866,301,2844,820,619,1275
1877,1138,1449,2112
1877,1449,2112,153
1877,2112,153,887
1877,153,887,372,3064,3063
1895,2940,1581,135
1895,1581,135,327
1895,135,327,441,1487,3069
1897,541,1806,41
1897,1806,41,1872,1967,836
1902,3029,2895,2711,2500,202
1915,66,2808,2536
1915,2808,2536,1117,2899,2856
1953,2549,2104,285,526,3030
1967,771,526,495,148,2952
1975,1647,1325,2238
1975,1325,2238,2929
1975,2238,2929,1394,2106,898
1980,2901,733,1245,814
1991,2798,2613,1274
1991,2613,1274,766,3084,948
1996,3007,2575,2726
1996,2575,2726,437
1996,2726,437,438,1161,3086
2010,984,295,1464
2010,295,1464,1261
2010,1464,1261,66,427,3088
2017,3080,2775,448
2017,2775,448,336,339,1013
2023,286,111,96
2023,111,96,1210
2023,96,1210,1376,1372,1747
2035,951,1291,62,3092
2044,3093,106,2885
2044,106,2885,2205
2044,2885,2205,1427,1155,3094
2047,2073,2715,145
2047,2715,145,2039
2047,145,2039,1615,2965,3095
2096,925,1941,459
2096,1941,459,2614
2096,459,2614,1478,1170,1942
2104,737,2411,553
2104,2411,553,1116,1511,955
2133,1149,2752,2030
2133,2752,2030,1652
2133,2030,1652,372,1956,2556
2137,3061,1654,2315,1132,2003
2172,1477,401,1784
2172,401,1784,1533
2172,1784,1533,1171,2936,1275
2177,2195,2194,1412,2409,2196
2182,2044,968,891
2182,968,891,593
2182,891,593,901
2182,593,901,244
2182,901,244,2189,688,969
2197,837,2370,1536,992
2251,1947,780,2961
2272,1327,2453,422
2272,2453,422,682
2272,422,682,66,953,1879
2284,360,1938,1379,670,2008
2295,2329,2911,3072
2313,2765,1104,219
2313,1104,219,1644,2923,2150
2315,304,2957,3022,751,3109
2319,456,3018,1380
2319,3018,1380,1647
2319,1380,1647,2946,590,2603
2348,2719,2342,2861
2348,2342,2861,2340,357,2072
2367,3085,89,2249
2367,89,2249,10
2367,2249,10,214
2367,10,214,995,699,698
2379,1291,2868,372
2379,2868,372,450
2379,372,450,2657,2525,3072
2394,90,2986,335,1043,2233
2419,828,1115,336
2419,1115,336,214,3067,2233
2427,216,1420,910
2427,1420,910,173,1258,2227
2430,20,3087,3033
2455,1389,2004,599
2455,2004,599,1132
2455,599,1132,267,1568,2003
2462,2410,2411,1885
2462,2411,1885,1352
2462,1885,1352,419,1854,3122
2469,755,104,775
2469,104,775,1705,5,2501
2478,794,3058,2463
2478,3058,2463,1565,1411,3111
2485,3113,1957,2873,2791,1071
2517,125,1889,1268
2517,1889,1268,515
2517,1268,515,1568,29,3086
2525,731,1019,2432,1072
2542,2407,1507,1049
2542,1507,1049,550,1238,3124
2545,540,542,541
2545,542,541,3093,1151,3069
2555,163,2405,136,2117,105
2575,2200,769,1426
2575,769,1426,1269
2575,1426,1269,755
2575,1269,755,58,423,1295
2579,2329,2204,2885,393,2652
2581,2880,429,1464,118,3106
2592,2549,2776,1850
2592,2776,1850,2319
2592,1850,2319,1497,2640,2646
2605,2818,536,710
2605,536,710,2987,289,2807
2607,1965,2211,297
2607,2211,297,954,2892,2646
