1,5,4
2,8,9
3,15,13
4,16,17
5,24,22
6,34,28
7,46,43
8,54,55
9,62,63
10,67,71
11,80,73
12,91,92
13,104,102
14,23,106
15,121,120
16,137,138
17,140,120
18,152,150
19,158,160
20,164,162
21,173,111
22,179,185
23,194,193
24,203,194
25,207,205
26,210,211
27,215,216
28,222,220
29,226,225
30,231,236
31,237,239
32,245,246
33,106,253
34,261,257
35,265,266
36,274,270
37,278,280
38,284,282
39,120,286
40,296,239
41,304,303
42,310,309
43,311,312
44,311,321
45,326,90
46,333,332
47,320,141
48,189,53
49,363,331
50,366,365
51,373,367
52,383,318
53,397,398
54,400,402
55,404,62
56,404,405
57,411,410
58,163,416
59,423,427
60,234,118
61,437,438
62,135,443
63,446,450
64,36,428
65,454,456
66,460,459
67,467,468
68,381,473
69,457,477
70,482,320
71,487,488
72,493,494
73,497,452
74,23,501
75,508,505
76,510,509
77,521,94
78,525,526
79,528,529
80,531,201
81,522,540
82,373,526
83,548,549
84,566,395
85,569,571
86,74,574
87,579,581
88,120,583
89,587,299
90,591,592
91,594,593
92,605,604
93,212,283
94,605,617
95,532,623
96,338,625
97,141,143
98,644,641
99,602,650
100,652,122
101,58,104
102,666,219
103,670,673
104,479,75
105,677,676
106,686,685
107,10,691
108,704,130
109,706,707
110,710,246
111,362,336
112,716,428
113,719,720
114,724,722
115,729,677
116,163,733
117,738,739
118,420,747
119,612,409
120,752,75
121,759,382
122,598,762
123,448,10
124,766,767
125,532,593
126,776,775
127,781,782
128,784,66
129,787,786
130,331,330
131,797,795
132,799,800
133,141,20
134,803,802
135,320,804
136,808,807
137,127,815
138,821,820
139,824,829
140,50,52
141,598,844
142,849,848
143,132,737
144,120,854
145,177,863
146,872,869
147,850,725
148,373,882
149,885,886
150,893,891
151,277,663
152,905,908
153,286,909
154,920,919
155,921,244
156,924,925
157,75,675
158,936,232
159,941,939
160,679,319
161,940,947
162,957,98
163,248,960
164,961,597
165,963,964
166,688,637
167,217,971
168,979,977
169,379,984
170,987,497
171,993,992
172,996,185
173,438,579
174,1007,360
175,1009,1010
176,58,900
177,1016,1017
178,1019,40
179,1021,661
180,1024,1025
181,845,1028
182,484,36
183,1034,541
184,358,1044
185,670,1045
186,885,1053
187,159,28
188,1060,113
189,823,723
190,696,1064
191,163,1066
192,1068,1067
193,9,18
194,1074,1073
195,1078,944
196,1083,1082
197,148,289
198,625,320
199,897,1094
200,1098,1099
201,1104,1105
202,605,409
203,1112,1110
204,1115,244
205,1116,219
206,61,401
207,1121,1122
208,290,1124
209,132,751
210,600,142
211,1133,599
212,1139,1140
213,283,86
214,477,10
215,379,190
216,1152,132
217,445,1156
218,1160,379
219,201,211
220,1167,858
221,975,164
222,309,1175
223,565,566
224,1176,201
225,1182,156
226,66,628
227,54,1185
228,188,290
229,1064,1016
230,58,673
231,996,1194
232,462,335
233,940,320
234,1204,617
235,1205,766
236,1214,1213
237,717,1215
238,321,1216
239,106,794
240,1226,671
241,1231,1228
242,325,132
243,196,429
244,63,1237
245,77,1239
246,438,1241
247,22,1249
248,1257,1258
249,579,1260
250,1263,235
251,304,491
252,70,862
253,482,1273
254,1277,1274
255,1280,1278
256,1286,379
257,1288,873
258,754,964
259,277,779
260,403,1297
261,1304,1303
262,59,745
263,478,385
264,235,667
265,347,1318
266,980,281
267,737,1246
268,237,278
269,32,499
270,845,781
271,245,214
272,1343,1032
273,244,671
274,799,1354
275,470,1355
276,996,1356
277,874,1359
278,156,36
279,1363,1241
280,579,1367
281,336,1370
282,1190
283,428,235
284,159,840
285,59,1377
286,674,1381
287,821,1341
288,28,1385
289,201,470
290,136,1388
291,1395,1330
292,1398,1399
293,277,1407
294,1410,1409
295,61,1411
296,1254,1415
297,674,118
298,570,1107
299,1431,86
300,358,357
301,899,1433
302,1437,320
303,869,1439
304,1446,1441
305,1291,240
306,1449,1450
307,1453,1452
308,708,1454
309,944,377
310,210,1012
311,1406,1471
312,1472,325
313,1480,187
314,66,1481
315,334,158
316,954,409
317,43,59
318,438,742
319,1489,13
320,925,1491
321,1496,128
322,163,1501
323,201,1506
324,111,96
325,1515,1513
326,1519,1520
327,244,55
328,1527,1529
329,988,106
330,1068,942
331,335,1545
332,1550,1549
333,1552,848
334,1555,1554
335,109,1253
336,44,769
337,672,1564
338,1187,127
339,1559,1571
340,1574,270
341,1575,1232
342,922,667
343,244,1339
344,1582,335
345,1592,1588
346,235,1523
347,54,1599
348,1284,625
349,137,1606
350,1356,1084
351,1052,1367
352,304,1190
353,734,1623
354,1626,1627
355,32,593
356,1633,1613
357,1011,1635
358,1637,1638
359,1401,1642
360,1537,1643
361,532,141
362,794,1649
363,1650,675
364,1655,1654
365,1656,1657
366,1064,156
367,365,336
368,335,391
369,163,219
370,1330,474
371,617,568
372,1670,1282
373,318,301
374,1366,1105
375,579,578
376,113,1096
377,1578,609
378,1401,1682
379,136,1684
380,553,1691
381,478,406
382,1694,911
383,1079,841
384,823,1699
385,1702,731
386,1565,58
387,849,1708
388,189,1565
389,120,1668
390,757,1059
391,210,1464
392,136,195
393,598,1300
394,1726,1727
395,1597,1730
396,252,32
397,1291,73
398,132,1116
399,1735,1607
400,717,1012
401,1743,683
402,1095,335
403,1753,478
404,1754,233
405,1767,1655
406,1771,498
407,1732,1774
408,1780,1469
409,1783,1782
410,700,1449
411,1787,1785
412,136,1789
413,1790,1791
414,1792,532
415,383,1285
416,644,645
417,15,1795
418,1671,278
419,301,1801
420,1804,1805
421,1809,1808
422,815,201
423,383,11
424,1811,101
425,455,1738
426,970,1568
427,1815,775
428,1819,250
429,1822,1821
430,338,339
431,66,87
432,239,1762
433,49,141
434,1832,1829
435,62,154
436,1834,442
437,91,420
438,1597,1838
439,258,623
440,738,1841
441,245,195
442,1844,1845
443,136,1834
444,390,581
445,132,1854
446,1858,403
447,1862,731
448,59,255
449,391,1835
450,974,1864
451,82,1865
452,1169,1868
453,1875,1872
454,96,6
455,1888,1887
456,1069,812
457,1894,1892
458,1898,1897
459,1775,187
460,1722,465
461,346,1568
462,1905,875
463,1282,1302
464,1565,1910
465,725,967
466,1625,680
467,1915,59
468,874,1916
469,1917,85
470,1918,244
471,1474,1919
472,1360,1640
473,672,925
474,542,458
475,1116,1920
476,693,992
477,214,1695
478,1927,429
479,1033,442
480,1933,1932
481,1308,398
482,1626,120
483,1938,1089
484,783,1622
485,440,1945
486,235,870
487,1948,1703
488,277,1087
489,1848,1950
490,1700,1898
491,530,1347
492,731,1955
493,1959,1957
494,462,275
495,1965,1964
496,1967,1968
497,931,384
498,1971,960
499,163,1973
500,1426,1976
501,1536,1106
502,1978,1065
503,82,1938
504,1210,277
505,739,1926
506,55,54
507,597,1567
508,61,377
509,1396,1991
510,245,1992
511,547,1993
512,304,1994
513,1997,753
514,1188,674
515,2002,868
516,624,2004
517,278,2005
518,1123,246
519,2012,1630
520,1744,532
521,1915,527
522,1957,2016
523,2020,1579
524,593,498
525,111,132
526,1686,164
527,2029,2028
528,2031,2033
529,331,2034
530,2037,1577
531,1827,1274
532,226,915
533,35,330
534,802,335
535,2043,1298
536,124,531
537,120,2046
538,1092,1169
539,136,804
540,1519,2043
541,1732,2056
542,2058,1895
543,1021,66
544,2062,2063
545,2065,169
546,301,58
547,1914,959
548,2069,2071
549,1870,142
550,1149,1761
551,640,2074
552,1161,291
553,422,328
554,876,288
555,66,999
556,517,539
557,1726,2086
558,983,798
559,2089,258
560,136,163
561,2092,848
562,453,1795
563,61,2094
564,210,436
565,223,2101
566,2103,36
567,2105,201
568,180,187
569,2110,2108
570,1449,153
571,2120,416
572,59,2122
573,111,1411
574,10,1895
575,1238,106
576,1365,320
577,136,453
578,2131,1529
579,2133,224
580,1546,572
581,1727,2135
582,2138,1284
583,401,226
584,102,200
585,153,579
586,66,1389
587,1525,1189
588,2148,2147
589,2047,2150
590,1256,1508
591,686,768
592,368,579
593,2156,269
594,888,2157
595,164,1474
596,538,2163
597,613,1488
598,258,2166
599,1181,81
600,2171,33
601,2173,2172
602,496,2175
603,1913,2142
604,187,1757
605,1860,1474
606,2180,420
607,381,2168
608,2184,2182
609,2186,57
610,598,61
611,1088,1270
612,1040,769
613,1967,1367
614,235,1842
615,1485,1333
616,2195,2169
617,277,2197
618,301,75
619,235,1771
620,2201,2202
621,2204,417
622,1853,1663
623,2207,1881
624,2210,1941
625,578,137
626,358,2213
627,523,2215
628,581,7
629,1860,152
630,1616,401
631,624,27
632,1909,2225
633,1498,1475
634,2229,2228
635,1905,1671
636,2232,288
637,250,237
638,1646,366
639,1434,120
640,136,279
641,595,424
642,1815,1644
643,929,2053
644,692,2243
645,2174,789
646,251,1393
647,189,2245
648,299
649,1237,938
650,1338,2249
651,61,1708
652,2065,2255
653,846,61
654,15,2055
655,944,1994
656,2262,2260
657,679,926
658,260,163
659,1008,2068
660,1187,343
661,1102,581
662,1285,2276
663,2277,2278
664,867,1021
665,1690,513
666,874,1455
667,1031,1311
668,2226,2284
669,379,2286
670,1235,1247
671,2290,2123
672,2293,1162
673,2296,2297
674,2299,2085
675,1317,2301
676,470,1374
677,330,239
678,1839,2007
679,2146,102
680,2307,2306
681,62,2311
682,1826,631
683,1345,1201
684,401,61
685,1928,335
686,2119,2319
687,2198,1015
688,336,210
689,2325,384
690,1405,1406
691,2327,658
692,851,1812
693,244,336
694,2335,244
695,1602,44
696,240,244
697,66
698,928,2315
699,984,151
700,774,1823
701,1837,245
702,2133,216
703,102,901
704,52,2348
705,277,1563
706,2351,2353
707,1346,2357
708,120,2358
709,505,690
710,2030,1517
711,717,61
712,75,1558
713,2220,2334
714,2362,666
715,1038,116
716,543,2365
717,2369,2353
718,1636,772
719,1859,2142
720,429,2372
721,1281,2374
722,2375,2378
723,769,321
724,747,1354
725,117,345
726,2384,2383
727,2385,1181
728,1697,1550
729,2387,938
730,1287,258
731,210,2389
732,2392,193
733,536,970
734,2393,2395
735,159,1380
736,2117,9
737,62,336
738,52,1269
739,1537,1215
740,120,191
741,330,420
742,1149,919
743,106,760
744,2249,2412
745,1480,2223
746,201,2414
747,2417,1190
748,168,250
749,605,617
750,671,940
751,2422,1661
752,2424,2423
753,551,992
754,2429,2430
755,1085,1388
756,2086,379
757,1500,1741
758,681,1341
759,2434,2435
760,584,2013
761,701,964
762,1152,2438
763,1088,1800
764,2362,372
765,1551,1756
766,2409,1195
767,1725,2441
768,470,2446
769,58,2447
770,156,574
771,250,2346
772,1307,2449
773,335,1861
774,516,244
775,532,533
776,575,413
777,120,531
778,2455,279
779,2456,570
780,1436,283
781,2061,1199
782,1551,2329
783,2460,2459
784,64,1768
785,2463,2464
786,1066,1373
787,62,336
788,578,906
789,2467,1661
790,1152,2117
791,572,1021
792,175,244
793,2337,380
794,224,2472
795,1521,2298
796,104,1340
797,1087,2146
798,1435,120
799,2332,126
800,983,1537
801,277,2483
802,633,1383
803,2484,851
804,2485,622
805,1626,2486
806,1282,1668
807,234,1397
808,153,2487
809,2489,570
810,163,1500
811,1474,189
812,210,2425
813,2126,1141
814,2350,422
815,1089,2502
816,201,320
817,2505,1791
818,1590,1565
819,1207,1807
820,187,1915
821,160,2509
822,989,403
823,570,379
824,2515,2516
825,2493,1572
826,120,499
827,644,201
828,136,13
829,2335,1068
830,277,2524
831,1853,2525
832,1004,1960
833,2529,1222
834,1478,104
835,2132
836,479,1531
837,1112,889
838,2531,869
839,2532,2533
840,1721,1668
841,639,897
842,2342,1561
843,2534,714
844,2538,2537
845,195,2541
846,2230,422
847,1850,8
848,581,2542
849,552,1423
850,777,244
851,2546,2545
852,391,941
853,225,679
854,2548,79
855,2188,2187
856,541,390
857,769,2482
858,224,369
859,320,2559
860,317,1330
861,631,1231
862,2265,544
863,1482,1483
864,2060,244
865,2116,847
866,2184,233
867,2568,1152
868,192,2451
869,570,205
870,1856,314
871,210,1088
872,372,2499
873,1829,1315
874,164,1245
875,66,2575
876,284,2577
877,2442,2448
878,2144,498
879,245,270
880,2579,2379
881,812,52
882,1240,576
883,2514,44
884,58,2340
885,1317,741
886,2502,851
887,1744,251
888,1941,163
889,1851,1161
890,498,1035
891,2594,2593
892,1911,1270
893,2589,23
894,132,2598
895,2540,1332
896,240,2601
897,2602,1387
898,2415,561
899,448,2604
900,2605,508
901,2591,2607
902,811,2608
903,855,1952
904,188,1411
905,283,382
906,1815,925
907,724,2353
908,132,2614
909,1936,651
910,120,128
911,2255,658
912,198,1166
913,438,391
914,2619,1453
915,2623,2622
916,2407,2499
917,1069,1007
918,2367,1089
919,1565,2408
920,70,1082
921,183,2224
922,1217,1721
923,2627,2626
924,531,1089
925,244,1005
926,1215,1776
927,2634,672
928,95,1269
929,2637,1252
930,250,892
931,2282,2640
932,2046,507
933,1306,32
934,120,2642
935,201,1558
936,372,2645
937,672,2272
938,2314,901
939,89,2160
940,813,686
941,638,2436
942,1989,2212
943,984,2093
944,295,208
945,320,1027
946,42,117
947,1736,438
948,2654,1282
949,755,2276
950,147,146
951,1111,2512
952,1319,1132
953,320,1271
954,221,2658
955,456,225
956,376,676
957,235,2214
958,2458,38
959,2353,212
960,2666,828
961,339,2669
962,1816,2671
963,893,1716
964,649,599
965,263,2168
966,478,2524
967,120,283
968,151,1451
969,2312,2038
970,219,1261
971,1406,2273
972,278,2675
973,664,2445
974,2677,1152
975,439,541
976,379,201
977,2546,1464
978,1128,201
979,530,1502
980,1391,1537
981,2161,376
982,400,538
983,2543,984
984,404,381
985,2685,802
986,194,1070
987,732,3
988,968,2689
989,497,745
990,2671,28
991,1908,532
992,1476,2690
993,1766,52
994,1909,201
995,2694,2321
996,1449,153
997,1818,222
998,126,328
999,2361,1557
1000,218,173
1001,1017,428
1002,61,1781
1003,1751,621
1004,1374,470
1005,2114,2574
1006,1923,214
1007,2581,1198
1008,877,2699
1009,2017,551
1010,2700,2611
1011,598,2703
1012,210,127
1013,1546,1962
1014,1365,339
1015,404,2580
1016,75,2560
1017,219,941
1018,2531,382
1019,2295,2700
1020,1089,1654
1021,2702,2712
1022,1167,2713
1023,2281,120
1024,132,2715
1025,458,2247
1026,840,108
1027,396,733
1028,2719,209
1029,1068,258
1030,1366,2721
1031,2073,325
1032,132,1034
1033,18,460
1034,1289,1245
1035,1247,106
1036,398,214
1037,137,390
1038,2183,950
1039,2141,106
1040,657
1041,2354,2577
1042,1701,1712
1043,834,52
1044,210,977
1045,954,1687
1046,1408,379
1047,2322,1699
1048,2550,599
1049,1172,96
1050,2528,2731
1051,579,111
1052,598,1364
1053,320,293
1054,2221,1308
1055,136,1772
1056,2334,772
1057,2735,1537
1058,1602,2431
1059,1055,376
1060,1223,224
1061,2697,1542
1062,224,2432
1063,2737,372
1064,1760,1151
1065,66,2738
1066,481,381
1067,1801,2740
1068,391,581
1069,1335,1285
1070,2117,235
1071,1751
1072,1335,377
1073,595,1018
1074,1105,214
1075,699,2741
1076,1167,27
1077,646,1040
1078,66,952
1079,2744,1122
1080,2746,1558
1081,670,1193
1082,1288,874
1083,1565,346
1084,18,458
1085,842,1084
1086,2748,379
1087,27,871
1088,258,1948
1089,2750,2749
1090,2751,2752
1091,1044,1694
1092,1499,2753
1093,1667,1082
1094,1097,2315
1095,314,15
1096,244,258
1097,2522,2756
1098,223,1496
1099,2759,1512
1100,2762,335
1101,1508,308
1102,2148,2764
1103,1088,868
1104,1068,2471
1105,302,2061
1106,2000,453
1107,120,1995
1108,1457,1783
1109,378,277
1110,845,595
1111,2554,1605
1112,320,1493
1113,58,1657
1114,779,1375
1115,841,1183
1116,2141,132
1117,2769,336
1118,1238,163
1119,1386,2729
1120,453,409
1121,1152,1449
1122,135,163
1123,224,75
1124,66,1681
1125,1211,546
1126,579,2554
1127,2726,438
1128,828,207
1129,2775,2762
1130,210,2776
1131,1316,51
1132,245,2729
1133,1528,237
1134,250,312
1135,2780,1501
1136,235,2781
1137,104,1558
1138,531,1757
1139,530,532
1140,1404,1831
1141,61,279
1142,2787,1560
1143,438,92
1144,2788,1003
1145,669,945
1146,2345,2739
1147,89,1974
1148,383,320
1149,111,2793
1150,768,1332
1151,337,338
1152,681,1272
1153,2176,426
1154,2796,1581
1155,2797,949
1156,1238,85
1157,151,225
1158,239,2798
1159,671,2312
1160,211,1280
1161,462,1291
1162,1484,214
1163,2799,2058
1164,590,2659
1165,2801,1556
1166,978,588
1167,1547,2159
1168,991,580
1169,2676,2651
1170,283,970
1171,141,353
1172,2727,57
1173,2804,2664
1174,699,2806
1175,2743,1216
1176,2573,475
1177,1829,1089
1178,2058,153
1179,1764,104
1180,1779,984
1181,66,1656
1182,794,189
1183,1088,813
1184,1586,643
1185,58,61
1186,794,1566
1187,2086,1994
1188,1008,2601
1189,1574,867
1190,1011,464
1191,470,1949
1192,2815,27
1193,2473,2816
1194,1305,2818
1195,689,498
1196,201,1082
1197,1551,2534
1198,2776,2820
1199,670,573
1200,2083,514
1201,678,2407
1202,620,2256
1203,132,214
1204,2710,161
1205,1576,2823
1206,2824,890
1207,2156,1718
1208,2802,802
1209,189,1034
1210,2828,554,563,560
1211,1084,1518
1212,624,1871
1213,1338,2831
1214,481,644
1215,1837,943
1216,1408,318
1217,95,1252
1218,1748,2834
1219,2588,2145
1220,336,2367
1221,1279,127
1222,163,1729
1223,2840,171
1224,239,336
1225,238,277
1226,1282,20
1227,1622,2842
1228,163,734
1229,1639,1122
1230,894,700
1231,1700,2116
1232,2844,2746
1233,286,358
1234,1604,1605
1235,462,2846
1236,1134,2155
1237,225,1609
1238,1649,2847
1239,457,1351
1240,2848,2172
1241,440,2717
1242,767,62
1243,1089,141
1244,2774,742
1245,1449,2362
1246,1411,1579
1247,1365,2851
1248,2294,1608
1249,1704,803
1250,679,2345
1251,2857,105
1252,2307,275
1253,201,880
1254,2399,2859
1255,58,2608
1256,874,1287
1257,1001,2064
1258,126,600
1259,1729,1239
1260,2564,2565
1261,2308,1157
1262,2861,1645
1263,2862,576
1264,2693,1693
1265,638,1629
1266,779,2342
1267,543,2633
1268,1772,2370
1269,1225,2868
1270,244,2476
1271,319,2307
1272,2002,2719
1273,113,1852
1274,385,2660
1275,104,1510
1276,1216,1558
1277,532,2869
1278,150,2115
1279,1012,490
1280,1510,96
1281,162,737
1282,1668,2490
1283,1363,618
1284,201,1161
1285,1609,238
1286,2832,368
1287,137,167
1288,1270,897
1289,783,7
1290,674,237
1291,2652,1295
1292,2776,1789
1293,163,2874
1294,2141,2730
1295,214,358
1296,409,2876
1297,1326,1825
1298,2613,2283
1299,2334,1082
1300,1411,2836
1301,2635,401
1302,2331,2675
1303,267,2140
1304,1588,1565
1305,973,325
1306,37,2043
1307,1252,1209
1308,2788,1397
1309,2508,792
1310,142,504
1311,201,58
1312,2018,1416
1313,66,2554
1314,1914,1032
1315,2240,1670
1316,858,2429
1317,1735,737
1318,1528,2833
1319,1876,1684
1320,2880,2662
1321,958,2825
1322,752,2435
1323,2353,2368
1324,113,136
1325,1660,1276
1326,1870,148
1327,1822,46
1328,541,2884
1329,1162,2426
1330,852,369
1331,2887,2357
1332,471,588
1333,2536,593
1334,1119,61
1335,1366,2634
1336,1757,338
1337,1612,1730
1338,189,2893
1339,2894,1794
1340,1579,1369
1341,451,43
1342,2478,626
1343,1919,45
1344,793,2238
1345,1088,1890
1346,80,1151
1347,986,1447
1348,460,137
1349,593,682
1350,1383,728
1351,2711,2402
1352,1120,2426
1353,398,98
1354,1916,278
1355,649,283
1356,66,2591
1357,879,420
1358,779,2906
1359,132,1733
1360,1286,1056
1361,2909,1449
1362,320,1954
1363,2480,52
1364,1125,2910
1365,2129,403
1366,1089,1121
1367,595,2535
1368,1821,789
1369,48,1953
1370,2297,1393
1371,1570,1558
1372,2379,391
1373,2200,304
1374,391,993
1375,2837,2917
1376,638,1115
1377,2644,27
1378,1476,671
1379,244,84
1380,2457,625
1381,1731,2919
1382,243,904
1383,1366,242
1384,258,1774
1385,20,2894
1386,2921,2922
1387,1420,1268
1388,1087,1305
1389,2765,1341
1390,2926,1049
1391,1116,152
1392,163,2228
1393,934,777
1394,1582,1925
1395,89,251
1396,187,1715
1397,304,125
1398,2177,1967
1399,1703,1314
1400,2890,596
1401,1638,2931
1402,2073,984
1403,2334,2785
1404,1535,606
1405,429,501
1406,2259,2230
1407,2487,2552
1408,336,1610
1409,397,7
1410,66,2502
1411,303,2935
1412,2102,2937
1413,1064,1799
1414,589,445
1415,1664,2061
1416,2939,43
1417,1212,2940
1418,2066,370
1419,2784,2546
1420,2943,150
1421,2944,1976
1422,1748,1994
1423,2945,429
1424,2796,201
1425,469,235
1426,304,314
1427,2947,177
1428,309,671
1429,982,258
1430,156,219
1431,1891,1726
1432,867,239
1433,188,2948
1434,2347,2081
1435,1567,966
1436,132,579
1437,75,819
1438,1776,83
1439,780,1221
1440,25,764
1441,624,2024
1442,2488,2600
1443,1602,570
1444,1088,1132
1445,1217,1642
1446,160,1827
1447,638,163
1448,480,1772
1449,66,118
1450,310,522
1451,2436,1918
1452,1443,1848
1453,1528,1814
1454,2752,1777
1455,1039,2162
1456,2813,277
1457,622,1656
1458,635,401
1459,610,282
1460,250,1819
1461,245,2704
1462,106,2659
1463,2953,2458
1464,1268,120
1465,1258,1025
1466,677,2955
1467,2956,585
1468,1959,1259
1469,1579,2957
1470,900,794
1471,1208,2907
1472,2751,910
1473,2348,1390
1474,1537,201
1475,1829,2837
1476,142,530
1477,376,2531
1478,1152,2399
1479,845,858
1480,1952,1118
1481,106,2087
1482,2921,159
1483,962,90
1484,378,2962
1485,1030,2605
1486,2851,1159
1487,2612,399
1488,470,401
1489,2963,867
1490,1889,856
1491,10,475
1492,593,582
1493,244,201
1494,1579,1376
1495,59,2965
1496,946,1026
1497,250,840
1498,320,1994
1499,58,1223
1500,410,390
1501,2502,2968
1502,136,557
1503,995,7
1504,2709,2970
1505,167,391
1506,1863,2152
1507,13,349
1508,768,115
1509,191,2396
1510,1139,581
1511,2148,1546
1512,794,903
1513,2932,2925
1514,592,867
1515,1949,2821
1516,2923,1810
1517,250,2975
1518,225,277
1519,2057,1801
1520,856,2977
1521,2643,307
1522,1581,1727
1523,1342,1087
1524,1160,59
1525,102,103
1526,2834,2978
1527,410,409
1528,1499,2981
1529,1648,184
1530,2557,1190
1531,2984,1292
1532,2521,2087
1533,2887,2372
1534,1361,1181
1535,1290,1824
1536,1135,2112
1537,498,896
1538,66,1433
1539,2531,530
1540,1597,317
1541,599,495
1542,1782,1160
1543,2733,766
1544,248,359
1545,1115,2262
1546,350,526
1547,244,2942
1548,2238,177
1549,851,395
1550,210,779
1551,2927,816
1552,2338,1412
1553,1744,625
1554,1881,32
1555,1768,346
1556,381,2555
1557,391,111
1558,59,2990
1559,1016,2991
1560,420,2204
1561,933,301
1562,416,336
1563,2954,1948
1564,2533,2532
1565,766,118
1566,493,2437
1567,1008,1576
1568,2994,1480
1569,1197,1030
1570,2252,2747
1571,598,2110
1572,244,1931
1573,110,562
1574,106,107
1575,67,1309
1576,1248,2996
1577,1930,114
1578,565,558
1579,2818,2692
1580,2823,447
1581,1136,163
1582,737,132
1583,2149,1703
1584,2998,1373
1585,2387,2167
1586,20,2669
1587,2648,2736
1588,2452,2449
1589,2946,2279
1590,2942,2043
1591,2925,2470
1592,779,1759
1593,219,3001
1594,104,2782
1595,897,2724
1596,581,3002
1597,2200,1086
1598,941,468
1599,1980,2236
1600,163,2618
1601,2673,1451
1602,2671,1223
1603,343,593
1604,625,1701
1605,2141,850
1606,245,833
1607,320,929
1608,1988,32
1609,1369,981
1610,2855,147
1611,1870,1677
1612,240,145
1613,163,2141
1614,27,1014
1615,794,2878
1616,686,23
1617,263,1601
1618,2827,2515
1619,1768,593
1620,1848,135
1621,2268,1990
1622,250,61
1623,668,845
1624,622,1585
1625,697,372
1626,638,378
1627,2471,543
1628,1809,2129
1629,2758,57
1630,1773,2234
1631,2483,874
1632,1742,2596
1633,2601,108
1634,373,1453
1635,386,294
1636,136,336
1637,136,1258
1638,729,1028
1639,1299,456
1640,1142,1404
1641,674,1230
1642,1591,2292
1643,313,2817
1644,156,149
1645,472,2716
1646,1626,270
1647,2679,3014
1648,280,1680
1649,1361,219
1650,616,937
1651,3015,794
1652,250,2175
1653,238,758
1654,1389,526
1655,2151,495
1656,3019,1579
1657,3020,120
1658,1872,1449
1659,406,2222
1660,485,484
1661,364,2385
1662,2957,2667
1663,496,2558
1664,1238,36
1665,240,1458
1666,159,1918
1667,2522,2397
1668,2805,391
1669,17,1087
1670,1575,1631
1671,2894,625
1672,1457,1082
1673,1513,1820
1674,1242,878
1675,3023,2502
1676,599,495
1677,189,2504
1678,1653,3025
1679,1242,1043
1680,2928,2152
1681,456,1232
1682,2354,1132
1683,2824,2465
1684,576,551
1685,1476,697
1686,26,397
1687,1183,3003
1688,2359,504
1689,120,72
1690,244,840
1691,1528,1425
1692,3029,1558
1693,2208,235
1694,2402,409
1695,874,802
1696,692,2205
1697,2320,743
1698,277,2968
1699,1707,2554
1700,224,1797
1701,1054,2547
1702,1405,2282
1703,2734,597
1704,1284,679
1705,1340,102
1706,2287,1948
1707,1883,639
1708,377,717
1709,356,649
1710,120,1349
1711,1779,15
1712,1624,2141
1713,878,818
1714,486,1103
1715,1582,2090
1716,2125,1001
1717,851,26
1718,1843,2945
1719,1253,330
1720,623,949
1721,893,2473
1722,58,1223
1723,61,235
1724,1049,994
1725,163,513
1726,1226,401
1727,2916,2189
1728,166,79
1729,59,2013
1730,1674,165
1731,2285,2331
1732,1017,304
1733,429,237
1734,1424,1688
1735,64,953
1736,95,797
1737,2709,206
1738,163,2179
1739,2402,109
1740,131,2230
1741,296,2762
1742,2231,2991
1743,2783,1709
1744,3038,644
1745,277,462
1746,2168,118
1747,2141,2488
1748,404,2890
1749,1504,926
1750,468,2709
1751,1406,2255
1752,1763,500
1753,81,210
1754,16,75
1755,2399,1182
1756,1084,58
1757,2335,2251
1758,1322,324
1759,163,826
1760,2065,1190
1761,1226,2985
1762,115,2366
1763,390,397
1764,2597,1721
1765,85,107
1766,373,3042
1767,498,403
1768,2290,2868
1769,503,502
1770,187,671
1771,2948,66
1772,1290,1196
1773,701,62
1774,1310,2873
1775,3044,652
1776,1290,32
1777,2535,365
1778,973,724
1779,2237,2729
1780,2691,3040
1781,1539,1459
1782,1904,320
1783,1397,104
1784,391,195
1785,2948,2787
1786,1984,1525
1787,2605,2059
1788,2087,1984
1789,193,55
1790,2392,2442
1791,997,2748
1792,657,237
1793,2883,1758
1794,64,1060
1795,2511,2258
1796,1525,359
1797,2454,194
1798,1645,532
1799,429,403
1800,89,2672
1801,120,1505
1802,1340,349
1803,277,532
1804,1849,2410
1805,1565,1278
1806,3049,2454
1807,935,1906
1808,1671,1704
1809,1602,278
1810,106,297
1811,2965,163
1812,1708,46
1813,2332,1825
1814,89,1631
1815,252,282
1816,747,1012
1817,453,868
1818,1619,1130
1819,874,376
1820,2166,1767
1821,66,3011
1822,277,1574
1823,1406,277
1824,568,2401
1825,136,135
1826,2639,2874
1827,2853,319
1828,383,473
1829,66,111
1830,120,1087
1831,1411,1725
1832,555,10
1833,3056,1001
1834,900,187
1835,120,2459
1836,628,2263
1837,845,1219
1838,102,2457
1839,593,1769
1840,359,2062
1841,216,577
1842,1084,34
1843,272,2366
1844,26,999
1845,210,692
1846,1046,839
1847,802,1085
1848,913,2901
1849,1150,2209
1850,315,258
1851,61,2495
1852,3059,3060
1853,177,897
1854,1543,163
1855,3061,1714
1856,2337,400
1857,1254,1914
1858,2966,780
1859,919,518
1860,1008,1525
1861,331,1113
1862,2319,1859
1863,61,235
1864,1595,1486
1865,2090,1451
1866,2844,820
1867,951,2087
1868,568,569
1869,61,1937
1870,127,283
1871,1478,1351
1872,628,2830
1873,1825,310
1874,1617,1364
1875,887,2691
1876,1039,1456
1877,1138,3064
1878,3066,2674
1879,2030,2682
1880,2681,1710
1881,1908,483
1882,1252,2731
1883,372,172
1884,849,1490
1885,386,2531
1886,2371,1976
1887,2148,336
1888,2796,306
1889,1004,1172
1890,32,3068
1891,929,986
1892,1817,1379
1893,2924,2263
1894,1909,86
1895,1581,441
1896,676,2182
1897,41,1872
1898,1092,2189
1899,1201,527
1900,1180,2914
1901,58,1084
1902,2895,2711
1903,1026,608
1904,2147,2340
1905,132,970
1906,2917,638
1907,1167,2388
1908,2124,2141
1909,689,2497
1910,2846,539
1911,320,1541
1912,189,182
1913,58,2787
1914,283,2215
1915,66,2808
1916,320,2874
1917,456,1649
1918,2345,828
1919,2428,320
1920,404,2834
1921,1579,75
1922,874,2099
1923,3071,2149
1924,1290,58
1925,2330,1115
1926,2070,1576
1927,1344,935
1928,1155,3074
1929,572,2796
1930,11,239
1931,187,189
1932,1049,1001
1933,2341,1419
1934,189,794
1935,2203,3076
1936,3048,2871
1937,2101,2204
1938,2908,75
1939,878,2122
1940,808,874
1941,3077,61
1942,2915,1739
1943,3079,163
1944,39,2988
1945,1914,923
1946,401,1080
1947,334,381
1948,2950,132
1949,1449,219
1950,1031,1326
1951,804,1284
1952,2979,1470
1953,2104,285
1954,367,1507
1955,112,7
1956,2868,778
1957,277,378
1958,853,440
1959,2323,3052
1960,338,2388
1961,1659,1452
1962,1330,1084
1963,1002,576
1964,1234,897
1965,304,307
1966,2519,201
1967,771,495
1968,250,2701
1969,383,277
1970,2599,2301
1971,120,148
1972,138,1872
1973,1132,599
1974,141,2349
1975,1647,1394
1976,227,2946
1977,336,448
1978,258,667
1979,2339,293
1980,1041,1944
1981,2790,1155
1982,2991,2226
1983,1523,2383
1984,3083,2137
1985,949,623
1986,235,225
1987,2068,296
1988,846,1720
1989,498,684
1990,1261,1165
1991,2798,766
1992,2859,552
1993,3013,1745
1994,1468,268
1995,477,3085
1996,3007,2575
1997,2200,1220
1998,429,629
1999,462,404
2000,1857,2789
2001,1042,2499
2002,2376,2879
2003,2228,746
2004,1564,2393
2005,1788,1487
2006,136,368
2007,2714,1615
2008,1197,388
2009,3087,638
2010,984,1464
2011,214,2825
2012,2480,3060
2013,541,390
2014,1973,666
2015,106,367
2016,1101,675
2017,3080,2775
2018,2596,839
2019,507,1345
2020,3089,1102
2021,2677,96
2022,1903,2146
2023,244,111
2024,3090,918
2025,2481,2443
2026,838,195
2027,3058,2267
2028,1765,1033
2029,136,1258
2030,2453,1050
2031,643,434
2032,2490,420
2033,1628,3091
2034,1183,247
2035,1291,62
2036,1550,88
2037,2576,2803
2038,409,748
2039,85,132
2040,530,203
2041,2141,2413
2042,111,579
2043,1852,1117
2044,724,2205
2045,1357,1948
2046,36,705
2047,145,2039
2048,2727,708
2049,1519,372
2050,2676,895
2051,797,2973
2052,2091,1626
2053,2970,3028
2054,222,2442
2055,530,1401
2056,111,391
2057,794,793
2058,2316,2868
2059,244,840
2060,1501,1154
2061,460,214
2062,1752,2329
2063,3097,498
2064,1881,2575
2065,3017,17
2066,1330,1622
2067,1370,11
2068,382,2501
2069,2693,465
2070,625,142
2071,183,830
2072,2475,102
2073,580,414
2074,2668,132
2075,346,966
2076,405,1405
2077,1618,2810
2078,952,973
2079,590,1551
2080,793,2983
2081,191,3023
2082,163,391
2083,2863,3005
2084,832,2551
2085,1442,2997
2086,2383,2992
2087,1722,2042
2088,2084,1291
2089,61,401
2090,1188,2565
2091,1286,448
2092,1449,372
2093,1579,332
2094,67,58
2095,2082,136
2096,1941,1170
2097,10,1738
2098,1648,2379
2099,66,187
2100,225,11
2101,976,335
2102,189,177
2103,2076,1678
2104,3027,1457
2105,1421,1573
2106,2290,3100
2107,1091,599
2108,2589,1089
2109,2557,335
2110,264,258
2111,277,1704
2112,1473,3039
2113,1961,390
2114,3042,372
2115,1269,1579
2116,544,896
2117,2087,2035
2118,44,106
2119,921,1581
2120,2988,2114
2121,1076,844
2122,833,1820
2123,458,9
2124,263,157
2125,468,1796
2126,258,2522
2127,2281,1546
2128,2324,949
2129,66,2625
2130,2944,2814
2131,1678,89
2132,2217,1972
2133,2030,1652
2134,1763,250
2135,1321,920
2136,360,859
2137,278,3061
2138,3073,91
2139,2391,2989
2140,2289,1621
2141,1218,1751
2142,2550,2901
2143,892,2913
2144,472,277
2145,1951,148
2146,3103,214
2147,189,1115
2148,2329,210
2149,163,2191
2150,833,1168
2151,102,2457
2152,2672,893
2153,2598,3037
2154,1228,2032
2155,2597,1744
2156,11,797
2157,1908,240
2158,1514,1065
2159,225,2251
2160,250,211
2161,142,194
2162,1921,866
2163,1804,61
2164,2318,876
2165,1450,1551
2166,163,368
2167,1405,376
2168,1525,2330
2169,1805,1353
2170,480,1137
2171,304,941
2172,1477,1533
2173,2133,2799
2174,2654,2894
2175,58,1234
2176,393,348
2177,2409,1492
2178,95,775
2179,2866,2795
2180,520,94
2181,1330,1273
2182,835,2189
2183,3007,1605
2184,1356,336
2185,1215,1376
2186,1050,2365
2187,869,2166
2188,2093,541
2189,522,3039
2190,3065,1576
2191,342,214
2192,1569,2330
2193,638,1309
2194,2002,998
2195,2758,1564
2196,812,2478
2197,1238,2686
2198,1365,401
2199,2839,368
2200,2296,181
2201,579,390
2202,136,1258
2203,3105,391
2204,1350,1353
2205,2964,2592
2206,1705,2100
2207,636,2545
2208,163,325
2209,877,2723
2210,1700,2946
2211,187,1239
2212,1859,6
2213,1055,278
2214,1220,211
2215,2669,304
2216,1179,390
2217,695,1737
2218,2611,2976
2219,2491,505
2220,1565,793
2221,1928,335
2222,118,1993
2223,991,2317
2224,895,2672
2225,1011,572
2226,803,15
2227,699,214
2228,662,2219
2229,14,940
2230,173,135
2231,692,973
2232,1579,522
2233,2355,2332
2234,535
2235,779,76
2236,3016,926
2237,1564,1422
2238,697,2490
2239,225,235
2240,1704,375
2241,3039,765
2242,61,545
2243,93,831
2244,1088,3075
2245,400,301
2246,2969,692
2247,2722,320
2248,949,456
2249,2048,275
2250,1839,2888
2251,984,780
2252,2326,1725
2253,2377,1045
2254,383,341
2255,1065,373
2256,2338,639
2257,596,593
2258,1453,156
2259,2340,1212
2260,1474,141
2261,692,588
2262,61,3096
2263,3107,2006
2264,2353,949
2265,2814,314
2266,2428,320
2267,3099,824
2268,1526,148
2269,1374,523
2270,129,1907
2271,1232,2936
2272,1327,422
2273,1860,2533
2274,81,1401
2275,1011,762
2276,372,373
2277,375,277
2278,2615,2851
2279,296,2056
2280,2439,936
2281,244,480
2282,337,1610
2283,530,1888
2284,1938,1379
2285,2416,739
2286,964,827
2287,2340,2583
2288,325,2000
2289,136,173
2290,2706,1584
2291,244,792
2292,3081,1255
2293,1413,1438
2294,576,66
2295,2329,89
2296,692,1778
2297,2601,2915
2298,2011,2144
2299,2411,696
2300,3062,382
2301,2366,3108
2302,147,146
2303,2230,1115
2304,201,1463
2305,296,999
2306,773,1168
2307,398,1812
2308,2307,1106
2309,453,799
2310,2458,2488
2311,343,1474
2312,2447,1576
2313,1104,219
2314,35,32
2315,304,3022
2316,2383,1226
2317,237,278
2318,137,3073
2319,456,1380
2320,106,1555
2321,1449,2112
2322,2142,1954
2323,2988,131
2324,2422,214
2325,1421,1621
2326,390,438
2327,2900,2447
2328,2045,1746
2329,1901,2641
2330,809,2587
2331,737,391
2332,1107,2269
2333,2088,2851
2334,244,3110
2335,2867,964
2336,3,2539
2337,2637,2529
2338,1258,171
2339,244,1086
2340,420,219
2341,334,301
2342,58,1530
2343,585,583
2344,1917,593
2345,1049,1220
2346,2829,1338
2347,401,1961
2348,2719,2861
2349,420,1447
2350,530,49
2351,62,2498
2352,1050,64
2353,1189,3112
2354,120,1199
2355,1330,2236
2356,3108,1356
2357,68,31
2358,1245,1001
2359,2342,841
2360,137,2554
2361,410,389
2362,2363,2653
2363,2571,2442
2364,1549,965
2365,401,3032
2366,1509,499
2367,89,2249
2368,2627,1301
2369,3098,136
2370,245,420
2371,35,353
2372,99,593
2373,520,62
2374,679,622
2375,1522,2683
2376,2841,383
2377,3079,74
2378,795,95
2379,2868,2525
2380,1006,837
2381,2230,1253
2382,2329,106
2383,305,1019
2384,644,2139
2385,2542,390
2386,1041,1372
2387,2541,2158
2388,1798,2684
2389,1695,277
2390,777,679
2391,2601,853
2392,1247,1001
2393,201,730
2394,90,335
2395,2205,1985
2396,1550,1756
2397,576,410
2398,1358,679
2399,210,1647
2400,2060,1223
2401,85,2595
2402,1241,390
2403,66,451
2404,2733,779
2405,1855,348
2406,3091,28
2407,739,1960
2408,1597,2563
2409,1769,52
2410,121,258
2411,3082,235
2412,3118,1899
2413,574,2075
2414,398,2537
2415,498,1770
2416,1247,2118
2417,3031,1472
2418,1091,527
2419,1115,214
2420,541,2548
2421,2527,2530
2422,61,2846
2423,2102,978
2424,3119,938
2425,2352,1677
2426,1634,3120
2427,216,1258
2428,473,2757
2429,106,2541
2430,120,283
2431,159,942
2432,2609,347
2433,1068,2877
2434,2880,304
2435,1088,126
2436,250,1719
2437,1735,1605
2438,717,2767
2439,2945,1497
2440,718,2176
2441,57,2295
2442,1487,429
2443,925,29
2444,2622,2621
2445,1092,102
2446,2949,1719
2447,2814,3121
2448,1411,923
2449,163,10
2450,42,2777
2451,644,1291
2452,120,2670
2453,2061,2136
2454,27,1776
2455,1389,599
2456,1551,163
2457,214,570
2458,1678,570
2459,422,1000
2460,1532,606
2461,1964,89
2462,2410,1885
2463,532,769
2464,1912,2597
2465,1945,91
2466,578,3123
2467,2302,1921
2468,929,290
2469,775,5
2470,173,1847
2471,58,1570
2472,721,1263
2473,1668,32
2474,136,173
2475,485,235
2476,2877,1455
2477,2822,2839
2478,794,3058
2479,3102,3008
2480,1765,1411
2481,58,2037
2482,163,941
2483,66,839
2484,2838,1049
2485,455,1071
2486,1921,419
2487,2334,1035
2488,2496,2503
2489,163,134
2490,859,1902
2491,1152,1499
2492,344,761
2493,2688,247
2494,2364,422
2495,1465,2241
2496,1655,530
2497,346,895
2498,1049,2456
2499,1523,504
2500,1622,421
2501,1149,1224
2502,2586,1172
2503,2146,809
2504,1467,973
2505,463,1861
2506,2253,3044
2507,1268,2755
2508,104,1579
2509,1706,802
2510,304,496
2511,1378,1139
2512,2009,1178
2513,1162,2310
2514,466,235
2515,114,2291
2516,307,2769
2517,125,515
2518,163,826
2519,579,581
2520,1519,541
2521,299,638
2522,304,551
2523,398,106
2524,7,390
2525,2088,1019
2526,1411,1718
2527,1984,825
2528,1428,1673
2529,1407,2371
2530,420,2549
2531,57,2400
2532,9,396
2533,2897,1853
2534,2141,2525
2535,244,2014
2536,2560,1776
2537,148,723
2538,1952,1187
2539,302,58
2540,2841,1751
2541,722,3010
2542,1049,550
2543,120,58
2544,58,244
2545,3093,1151
2546,24,895
2547,2067,1467
2548,2882,90
2549,791,2445
2550,456,235
2551,625,1803
2552,793,3015
2553,2835,593
2554,167,2800
2555,163,2405
2556,1007,1938
2557,1952,1085
2558,172,165
2559,64,2360
2560,89,698
2561,791,1984
2562,1167,235
2563,383,1589
2564,2502,1187
2565,2771,2773
2566,839,1461
2567,164,163
2568,420,372
2569,371,2553
2570,1190,1800
2571,214,210
2572,2230,3050
2573,531,1087
2574,3125,293
2575,2200,769
2576,66,941
2577,1612,1973
2578,401,1281
2579,2329,2885
2580,79,1090
2581,1464,118
2582,1172,104
2583,699,1964
2584,1570,1294
2585,1060,750
2586,2510,1478
2587,438,1734
2588,2246,2795
2589,2061,2091
2590,1725,2685
2591,2941,1171
2592,2776,1497
2593,307,1210
2594,2645,2981
2595,1662,941
2596,89,171
2597,401,717
2598,1023,341
2599,251,2636
2600,719,892
2601,3026,3073
2602,3126,2831
2603,1393,797
2604,401,984
2605,536,289
2606,2944,3009
2607,297,954
2608,2901,1020
2609,120,857
2610,3004,1878
2611,189,2348
2612,2875,692
2613,1392,1565
2614,2929,1566
2615,2159,2178
2616,1914,626
1,5,4,1
3,15,13,12
10,67,71,65
13,104,102,100
15,121,120,119
24,203,194,202
27,215,216,213
34,261,257,262
36,274,270,271
39,120,286,287
43,311,312,316
45,326,90,327
47,320,141,340
51,373,367,374
55,404,62,351
57,411,410,412
59,423,427,327
63,446,450,449
69,457,477,476
72,493,494,174
75,508,505,506
78,525,526,524
89,587,299,586
92,605,604,607
94,605,617,614
96,338,625,144
98,644,641,642
100,652,122,654
109,706,707,432
111,362,336,713
122,598,762,763
125,532,593,770
129,787,786,788
131,797,795,796
133,141,20,611
135,320,804,806
141,598,844,843
146,872,869,492
148,373,882,883
151,277,663,756
154,920,919,917
157,75,675,932
161,940,947,948
167,217,971,972
175,1009,1010,1013
179,1021,661,1022
181,845,1028,1029
183,1034,541,1036
187,159,28,1057
190,696,1064,1062
192,1068,1067,632
194,1074,1073,1075
196,1083,1082,1081
202,605,409,1109
204,1115,244,1114
209,132,751,1127
215,379,190,1148
217,445,1156,1153
223,565,566,564
226,66,628,1184
230,58,673,1191
234,1204,617,1202
241,1231,1228,1229
249,579,1260,1262
251,304,491,1265
254,1277,1274,1275
264,235,667,1313
266,980,281,1320
268,237,278,276
270,845,781,756
285,59,1377,1325
288,28,1385,1384
292,1398,1399,1400
296,1254,1415,1418
298,570,1107,1427
302,1437,320,611
305,1291,240,1448
310,210,1012,1466
312,1472,325,744
314,66,1481,408
316,954,409,736
319,1489,13,740
321,1496,128,1495
323,201,1506,1503
325,1515,1513,1293
331,335,1545,1544
334,1555,1554,1553
346,235,1523,1596
352,304,1190,1620
359,1401,1642,1641
372,1670,1282,1266
374,1366,1105,914
378,1401,1682,1683
380,553,1691,1689
383,1079,841,1696
396,252,32,1598
401,1743,683,1747
404,1754,233,1755
410,700,1449,1784
420,1804,1805,1802
424,1811,101,1651
434,1832,1829,1723
436,1834,442,323
446,1858,403,392
448,59,255,256
452,1169,1868,1869
455,1888,1887,1886
457,1894,1892,1893
459,1775,187,956
461,346,1568,1348
471,1474,1919,948
478,1927,429,1929
486,235,870,1946
491,530,1347,1265
493,1959,1957,1603
495,1965,1964,1963
501,1536,1106,1977
508,61,377,843
513,1997,753,1996
515,2002,868,1999
521,1915,527,2015
523,2020,1579,2019
525,111,132,2025
527,2029,2028,2027
533,35,330,2040
536,124,531,2044
540,1519,2043,1143
549,1870,142,2072
551,640,2074,374
563,61,2094,2095
568,180,187,2106
578,2131,1529,2130
582,2138,1284,1336
590,1256,1508,1884
596,538,2163,2164
600,2171,33,1869
602,496,2175,2098
606,2180,420,2181
609,2186,57,2001
611,1088,1270,1717
613,1967,1367,1943
619,235,1771,2199
622,1853,1663,2206
624,2210,1941,2211
626,358,2213,659
636,2232,288,2233
640,136,279,1516
644,692,2243,2242
651,61,1708,2254
653,846,61,843
656,2262,2260,2261
658,260,163,1329
665,1690,513,2280
670,1235,1247,47
675,1317,2301,2300
683,1345,1201,2313
690,1405,1406,213
694,2335,244,2336
699,984,151,1806
701,1837,245,2344
705,277,1563,1402
707,1346,2357,1186
709,505,690,1382
713,2220,2334,2244
719,1859,2142,1946
721,1281,2374,2373
723,769,321,1077
725,117,345,2381
727,2385,1181,2386
733,536,970,300
739,1537,1215,322
744,2249,2412,1144
746,201,2414,1692
748,168,250,2418
751,2422,1661,2421
754,2429,2430,2427
759,2434,2435,2433
763,1088,1800,2380
765,1551,1756,1516
782,1551,2329,817
784,64,1768,2461
786,1066,1373,1982
788,578,906,2466
792,175,244,2328
794,224,2472,1037
799,2332,126,1093
811,1474,189,2492
819,1207,1807,2507
825,2493,1572,1432
828,136,13,2520
830,277,2524,2523
832,1004,1960,881
836,479,1531,1206
844,2538,2537,703
850,777,244,2544
858,224,369,435
865,2116,847,2507
869,570,205,2242
871,210,1088,1131
873,1829,1315,2572
879,245,270,2578
887,1744,251,1328
889,1851,1161,2382
892,1911,1270,2444
899,448,2604,2603
905,283,382,2610
907,724,2353,144
910,120,128,1348
912,198,1166,1970
914,2619,1453,1063
916,2407,2499,1109
921,183,2224,1793
925,244,1005,648
929,2637,1252,2506
932,2046,507,1334
936,372,2645,1975
941,638,2436,2624
943,984,2093,273
945,320,1027,2650
951,1111,2512,2631
953,320,1271,1312
955,456,225,512
957,235,2214,2661
967,120,283,2630
969,2312,2038,2216
975,439,541,1611
978,1128,201,1983
990,2671,28,2193
996,1449,153,2113
998,126,328,1723
1000,218,173,2288
1002,61,1781,2696
1012,210,127,1900
1015,404,2580,2708
1017,219,941,1427
1027,396,733,2718
1030,1366,2721,1562
1032,132,1034,1296
1037,137,390,2725
1039,2141,106,1874
1043,834,52,56
1047,2322,1699,709
1050,2528,2731,861
1052,598,1364,2450
1055,136,1772,2562
1058,1602,2431,1538
1067,1801,2740,1696
1070,2117,235,2303
1074,1105,214,611
1077,646,1040,1061
1079,2744,1122,2544
1081,670,1193,1145
1086,2748,379,932
1088,258,1948,2708
1091,1044,1694,2561
1094,1097,2315,2754
1098,223,1496,2754
1100,2762,335,2763
1102,2148,2764,2720
1105,302,2061,1996
1107,120,1995,2647
1113,58,1657,1440
1117,2769,336,2695
1123,224,75,1580
1127,2726,438,1323
1129,2775,2762,1672
1136,235,2781,1191
1143,438,92,2280
1145,669,945,1946
1163,2799,2058,2398
1168,991,580,736
1170,283,970,630
1173,2804,2664,2778
1177,1829,1089,2809
1181,66,1656,2264
1185,58,61,2812
1189,1574,867,1414
1192,2815,27,1867
1196,201,1082,2239
1198,2776,2820,2819
1202,620,2256,1430
1206,2824,890,476
1210,2828,554,563,560,556
1214,481,644,1749
1222,163,1729,1740
1225,238,277,2098
1231,1700,2116,2843
1234,1604,1605,2845
1238,1649,2847,865
1240,2848,2172,2849
1242,767,62,1145
1245,1449,2362,2850
1247,1365,2851,2852
1252,2307,275,2761
1257,1001,2064,415
1259,1729,1239,1939
1261,2308,1157,2860
1264,2693,1693,2864
1271,319,2307,355
1277,532,2869,712
1282,1668,2490,1174
1287,137,167,133
1290,674,237,726
1296,409,2876,656
1299,2334,1082,425
1301,2635,401,1593
1308,2788,1397,1877
1312,2018,1416,1417
1315,2240,1670,603
1318,1528,2833,2566
1320,2880,2662,655
1325,1660,1276,2098
1327,1822,46,864
1330,852,369,1296
1332,471,588,1793
1336,1757,338,2629
1339,2894,1794,1698
1345,1088,1890,2582
1348,460,137,2819
1352,1120,2426,2170
1358,779,2906,418
1363,2480,52,199
1367,595,2535,1786
1372,2379,391,749
1377,2644,27,204
1380,2457,625,2698
1383,1366,242,1750
1385,20,2894,2920
1392,163,2228,2026
1396,187,1715,2474
1398,2177,1967,2107
1400,2890,596,860
1404,1535,606,2590
1406,2259,2230,665
1409,397,7,1051
1413,1064,1799,1658
1416,2939,43,1940
1418,2066,370,2624
1422,1748,1994,2792
1424,2796,201,78
1432,867,239,1430
1435,1567,966,2266
1437,75,819,1250
1442,2488,2600,2951
1454,2752,1777,805
1461,245,2704,2079
1469,1579,2957,2958
1472,2751,910,2440
1476,142,530,97
1479,845,858,298
1481,106,2087,2933
1491,10,475,2569
1497,250,840,1947
1499,58,1223,2154
1505,167,391,2971
1515,1949,2821,2974
1520,856,2977,1893
1523,1342,1087,1158
1525,102,103,1462
1527,410,409,2980
1530,2557,1190,230
1541,599,495,2656
1545,1115,2262,2986
1547,244,2942,292
1549,851,395,2912
1552,2338,1412,2271
1556,381,2555,2918
1562,416,336,2993
1570,2252,2747,2995
1573,110,562,1873
1576,1248,2996,2819
1579,2818,2692,2920
1582,737,132,1244
1584,2998,1373,2280
1586,20,2669,2786
1588,2452,2449,2786
1590,2942,2043,1587
1598,941,468,2678
1600,163,2618,1840
1602,2671,1223,2192
1605,2141,850,133
1611,1870,1677,2870
1620,1848,135,2303
1622,250,61,2390
1626,638,378,2624
1630,1773,2234,2856
1632,1742,2596,2570
1634,373,1453,2657
1639,1299,456,2865
1641,674,1230,3012
1650,616,937,249
1652,250,2175,241
1655,2151,495,19
1658,1872,1449,3021
1660,485,484,262
1663,496,2558,1934
1668,2805,391,2934
1671,2894,625,2433
1676,599,495,2902
1680,2928,2152,1382
1682,2354,1132,1129
1684,576,551,2967
1687,1183,3003,2097
1689,120,72,1429
1694,2402,409,30
1698,277,2968,1830
1700,224,1797,1675
1702,1405,2282,1200
1705,1340,102,2373
1710,120,1349,1924
1713,878,818,985
1715,1582,2090,2304
1718,1843,2945,1352
1723,61,235,3033
1726,1226,401,2617
1730,1674,165,3035
1732,1017,304,1632
1734,1424,1688,2300
1738,163,2179,3036
1741,296,2762,2078
1743,2783,1709,2096
1745,277,462,519
1747,2141,2488,1323
1750,468,2709,155
1752,1763,500,1146
1754,16,75,197
1756,1084,58,912
1758,1322,324,2134
1760,2065,1190,2982
1766,373,3042,1362
1770,187,671,3043
1773,701,62,431
1775,3044,652,2130
1778,973,724,3045
1782,1904,320,3046
1784,391,195,1250
1786,1984,1525,1669
1790,2392,2442,2760
1793,2883,1758,2705
1795,2511,2258,2911
1799,429,403,418
1802,1340,349,2779
1805,1565,1278,2336
1807,935,1906,2938
1813,2332,1825,3051
1816,747,1012,2707
1818,1619,1130,3053
1823,1406,277,2469
1832,555,10,1352
1836,628,2263,2986
1838,102,2457,1867
1841,216,577,1935
1847,802,1085,1683
1849,1150,2209,1676
1851,61,2495,902
1855,3061,1714,176
1857,1254,1914,1108
1859,919,518,3055
1863,61,235,1293
1865,2090,1451,435
1868,568,569,2513
1873,1825,310,3034
1877,1138,3064,3063
1880,2681,1710,2987
1885,386,2531,3067
1887,2148,336,2419
1889,1004,1172,1173
1896,676,2182,2010
1900,1180,2914,2628
1902,2895,2711,2500
1906,2917,638,601
1908,2124,2141,444
1911,320,1541,1164
1915,66,2808,2899
1917,456,1649,3070
1919,2428,320,2275
1922,874,2099,2261
1928,1155,3074,2791
1932,1049,1001,1203
1934,189,794,1717
1938,2908,75,2052
1941,3077,61,3043
1943,3079,163,1833
1945,1914,923,2373
1950,1031,1326,537
1956,2868,778,1403
1959,2323,3052,2022
1962,1330,1084,2620
1967,771,495,2952
1975,1647,1394,898
1980,1041,1944,814
1982,2991,2226,2164
1985,949,623,2450
1988,846,1720,2054
1990,1261,1165,431
1993,3013,1745,1331
1995,477,3085,2468
2001,1042,2499,2080
2009,3087,638,2986
2011,214,2825,2632
2013,541,390,2127
2015,106,367,2687
2017,3080,2775,1013
2019,507,1345,2972
2023,244,111,1747
2033,1628,3091,1186
2035,1291,62,3092
2038,409,748,407
2040,530,203,1494
2044,724,2205,3094
2047,145,2039,3095
2049,1519,372,1368
2051,797,2973,611
2063,3097,498,2
2068,382,2501,1987
2074,2668,132,1352
2077,1618,2810,292
2080,793,2983,178
2082,163,391,2903
2087,1722,2042,1866
2089,61,401,3018
2095,2082,136,2121
2099,66,187,2309
2102,189,177,2270
2109,2557,335,3006
2113,1961,390,2336
2122,833,1820,3101
2125,468,1796,1696
2129,66,2625,1384
2132,2217,1972,2328
2135,1321,920,2406
2143,892,2913,1711
2152,2672,893,2356
2154,1228,2032,1940
2156,11,797,1251
2159,225,2251,1227
2162,1921,866,2382
2165,1450,1551,1265
2174,2654,2894,1828
2177,2409,1492,2196
2179,2866,2795,2872
2181,1330,1273,2889
2184,1356,336,726
2187,869,2166,2235
2195,2758,1564,2194
2197,1238,2686,1126
2202,136,1258,1998
2206,1705,2100,785
2208,163,325,1614
2215,2669,304,2865
2218,2611,2976,2394
2220,1565,793,2732
2223,991,2317,1665
2226,803,15,2811
2229,14,940,230
2236,3016,926,1147
2239,225,235,822
2242,61,545,1947
2246,2969,692,3051
2248,949,456,287
2250,1839,2888,3041
2252,2326,1725,2128
2259,2340,1212,2051
2261,692,588,2898
2263,3107,2006,2248
2265,2814,314,2904
2267,3099,824,1427
2269,1374,523,972
2272,1327,422,1879
2276,372,373,229
2279,296,2056,292
2281,244,480,2655
2283,530,1888,634
2285,2416,739,615
2293,1413,1438,3078
2296,692,1778,1173
2301,2366,3108,2111
2307,398,1812,2526
2310,2458,2488,567
2315,304,3022,3109
2328,2045,1746,2328
2332,1107,2269,1048
2340,420,219,2819
2349,420,1447,1846
2354,120,1199,2826
2361,410,389,884
2370,245,420,3113
2376,2841,383,213
2379,2868,2525,3072
2381,2230,1253,3115
2383,305,1019,702
2389,1695,277,1981
2397,576,410,2620
2401,85,2595,1323
2403,66,451,2250
2408,1597,2563,653
2410,121,258,3117
2413,574,2075,694
2415,498,1770,2080
2418,1091,527,2479
2420,541,2548,2905
2422,61,2846,3114
2427,216,1258,2227
2436,250,1719,139
2450,42,2777,2500
2454,27,1776,2433
2458,1678,570,1969
2460,1532,606,2584
2462,2410,1885,3122
2469,775,5,3047
2475,485,235,2134
2478,794,3058,3111
2484,2838,1049,2585
2486,1921,419,1444
2488,2496,2503,2960
2490,859,1902,2960
2495,1465,2241,2881
2497,346,895,60
2500,1622,421,2665
2502,2586,1172,2971
2506,2253,3044,1163
2512,2009,1178,3104
2517,125,515,3086
2520,1519,541,559
2526,1411,1718,352
2530,420,2549,2791
2538,1952,1187,810
2542,1049,550,3124
2545,3093,1151,3069
2547,2067,1467,1713
2550,456,235,3036
2552,793,3015,2896
2558,172,165,2971
2562,1167,235,1109
2565,2771,2773,1958
2569,371,2553,394
2571,214,210,2403
2573,531,1087,1460
2581,1464,118,3106
2583,699,1964,3035
2586,2510,1478,1427
2592,2776,1497,2646
2594,2645,2981,2930
2600,719,892,2567
2602,3126,2831,2742
2605,536,289,2807
2607,297,954,2892
2612,2875,692,702
2614,2929,1566,1371
